#MR12-11
#LAMBDA K(LAMBDA-55)
      1141.86            -NaN
      1142.44       11.055189
      1143.03       9.2136966
      1143.61       12.406752
      1144.20       10.242741
      1144.78       13.246554
      1145.36       13.762939
      1145.95       15.075575
      1146.53       16.184027
      1147.11       13.148663
      1147.70       17.574563
      1148.28       11.231205
      1148.87       11.709020
      1149.45       11.636507
      1150.03       16.821904
      1150.62       23.607446
      1151.20       20.640912
      1151.79       68.003515
      1152.37       23.393615
      1152.95       23.317725
      1153.54       17.940188
      1154.12       12.734841
      1154.70       12.208331
      1155.29       12.351337
      1155.87       14.060871
      1156.46       14.638267
      1157.04       16.459660
      1157.62       16.783621
      1158.21       18.274611
      1158.79       16.940281
      1159.37       24.587392
      1159.96       15.505613
      1160.54       14.415952
      1161.13       14.005611
      1161.71       14.267079
      1162.29       13.159624
      1162.88       13.803145
      1163.46       14.190219
      1164.05       14.536129
      1164.63       12.869647
      1165.21       11.801587
      1165.80       11.993958
      1166.38       12.776620
      1166.96       13.878327
      1167.55       13.666631
      1168.13       13.674402
      1168.72       14.361350
      1169.30       13.421163
      1169.88       13.487098
      1170.47       13.752962
      1171.05       15.916909
      1171.63       15.006794
      1172.22       15.301576
      1172.80       17.632593
      1173.39       18.220708
      1173.97       19.370110
      1174.55       16.339443
      1175.14       19.870017
      1175.72            -NaN
      1176.30       12.157355
      1176.89       13.913315
      1177.47       14.313539
      1178.06       19.782134
      1178.64       17.005195
      1179.22       14.652037
      1179.81       14.237337
      1180.39       13.001836
      1180.97       12.327472
      1181.56       11.704543
      1182.14       12.228013
      1182.73       14.995734
      1183.31       17.274263
      1183.89       19.124911
      1184.48       14.026111
      1185.06       14.108630
      1185.64       15.190276
      1186.23       20.345972
      1186.81       17.491308
      1187.40       15.609559
      1187.98       17.552853
      1188.56       14.892916
      1189.15       12.310079
      1189.73       11.419587
      1190.31       12.431602
      1190.90            -NaN
      1191.48       17.951077
      1192.07            -NaN
      1192.65            -NaN
      1193.23            -NaN
      1193.82            -NaN
      1194.40       10.510664
      1194.98       8.6906696
      1195.57       9.3922350
      1196.15       9.6561289
      1196.74            -NaN
      1197.32            -NaN
      1197.90            -NaN
      1198.49            -NaN
      1199.07            -NaN
      1199.65            -NaN
      1200.24            -NaN
      1200.82            -NaN
      1201.41            -NaN
      1201.99       5.3170723
      1202.57       5.0618153
      1203.16       4.0785504
      1203.74       7.8151029
      1204.32       13.500625
      1204.91            -NaN
      1205.49       3.0635951
      1206.07      -5.0018752
      1206.66      -8.7072578
      1207.24      -8.5049011
      1207.83       2.7444693
      1208.41      -6.0736961
      1208.99      -8.4257996
      1209.58      -11.586978
      1210.16      -12.378986
      1210.74      -17.148286
      1211.33      -21.827631
      1211.91      -30.122317
      1212.50      -40.333265
      1213.08      -52.980411
      1213.66      -66.439193
      1214.25      -72.557511
      1214.83      -78.886131
      1215.41      -83.842583
      1216.00      -99.900790
      1216.58      -75.036258
      1217.16            -NaN
      1217.75            -NaN
      1218.33            -NaN
      1218.92            -NaN
      1219.50      -49.388011
      1220.08      -36.943357
      1220.67            -NaN
      1221.25            -NaN
      1221.83            -NaN
      1222.42      -8.6393613
      1223.00      -8.1138872
      1223.58      -2.7616850
      1224.17       3.1240603
      1224.75            -NaN
      1225.34       1.7578638
      1225.92       8.2264288
      1226.50       4.3265519
      1227.09            -NaN
      1227.67            -NaN
      1228.25            -NaN
      1228.84            -NaN
      1229.42            -NaN
      1230.00            -NaN
      1230.59            -NaN
      1231.17            -NaN
      1231.76       32.211418
      1232.34            -NaN
      1232.92       23.540795
      1233.51       10.301594
      1234.09       6.9930493
      1234.67       7.9332303
      1235.26       11.679654
      1235.84            -NaN
      1236.42            -NaN
      1237.01            -NaN
      1237.59            -NaN
      1238.18       11.030670
      1238.76       10.553867
      1239.34       13.116522
      1239.93       28.281896
      1240.51       14.738632
      1241.09       13.269266
      1241.68       13.225237
      1242.26       13.954655
      1242.84       14.081041
      1243.43       12.921293
      1244.01       12.256966
      1244.59       11.836714
      1245.18       12.204252
      1245.76       12.341449
      1246.35       12.454152
      1246.93       11.865557
      1247.51       11.731795
      1248.10       11.800408
      1248.68       12.790322
      1249.26       13.196567
      1249.85       12.691380
      1250.43       12.402679
      1251.01       12.741388
      1251.60       14.699780
      1252.18       13.476072
      1252.77       13.037073
      1253.35       12.410887
      1253.93       13.113785
      1254.52       12.402284
      1255.10       12.735796
      1255.68       11.784100
      1256.27       12.281181
      1256.85       12.158187
      1257.43       12.852505
      1258.02       13.560350
      1258.60       14.088699
      1259.18       14.433471
      1259.77       13.475818
      1260.35       13.484476
      1260.94       14.234642
      1261.52       13.912901
      1262.10       13.539438
      1262.69       12.927256
      1263.27       13.778678
      1263.85       13.418345
      1264.44       13.815411
      1265.02       13.258909
      1265.60       13.298134
      1266.19       13.378757
      1266.77       14.037725
      1267.35       13.425741
      1267.94       12.997956
      1268.52       12.536749
      1269.10       13.272450
      1269.69       12.993615
      1270.27       13.350489
      1270.86       12.857765
      1271.44       12.882435
      1272.02       11.849820
      1272.61       11.680907
      1273.19       11.863397
      1273.77       11.981364
      1274.36       12.113192
      1274.94       11.564639
      1275.52       11.732153
      1276.11       12.371441
      1276.69       12.700944
      1277.27       13.156115
      1277.86       12.828328
      1278.44       12.389056
      1279.02       12.044933
      1279.61       12.170343
      1280.19       12.288249
      1280.78       12.978916
      1281.36       12.556032
      1281.94       12.875625
      1282.53       11.605227
      1283.11       11.643035
      1283.69       11.718943
      1284.28       11.687702
      1284.86       11.542404
      1285.44       11.602010
      1286.03       12.028307
      1286.61       12.529538
      1287.19       11.939632
      1287.78       11.744644
      1288.36       11.519629
      1288.94       12.410763
      1289.53       12.735505
      1290.11       13.109527
      1290.69       12.543379
      1291.28       12.421708
      1291.86       11.579249
      1292.44       11.839667
      1293.03       11.337126
      1293.61       11.597359
      1294.20       10.954382
      1294.78       10.762724
      1295.36       11.010485
      1295.95       11.418814
      1296.53       12.229625
      1297.11       12.499578
      1297.70       13.302685
      1298.28       12.219374
      1298.86       11.089881
      1299.45       11.185521
      1300.03       12.184580
      1300.61       12.510984
      1301.20       12.159952
      1301.78       11.773587
      1302.36       12.804359
      1302.95       12.616435
      1303.53       13.250813
      1304.11       12.229618
      1304.70       12.458226
      1305.28       11.987616
      1305.86       11.307954
      1306.45       11.479782
      1307.03       11.917354
      1307.61       12.312098
      1308.20       11.350240
      1308.78       10.948130
      1309.37       10.698195
      1309.95       11.103520
      1310.53       10.855721
      1311.12       11.003582
      1311.70       10.813375
      1312.28       10.716104
      1312.87       10.882689
      1313.45       11.314358
      1314.03       12.322701
      1314.62       12.748750
      1315.20       12.721917
      1315.78       12.558180
      1316.37       12.485919
      1316.95       12.219560
      1317.53       12.827890
      1318.12       12.753024
      1318.70       12.563998
      1319.28       11.904954
      1319.87       10.970916
      1320.45       10.412885
      1321.03       10.124953
      1321.62       10.371339
      1322.20       10.599871
      1322.78       11.241214
      1323.37       11.275229
      1323.95       11.664364
      1324.53       11.265144
      1325.12       11.919002
      1325.70       12.015287
      1326.28       11.541226
      1326.87       11.254108
      1327.45       10.999550
      1328.03       11.680426
      1328.62       11.896629
      1329.20       12.560970
      1329.78       12.313961
      1330.37       11.802128
      1330.95       11.377396
      1331.53       11.012701
      1332.12       11.385646
      1332.70       12.088949
      1333.28       12.651089
      1333.87       13.373531
      1334.45       12.679210
      1335.04       11.804453
      1335.62       11.036617
      1336.20       11.776905
      1336.79       12.503259
      1337.37       11.987961
      1337.95       11.212036
      1338.54       11.510010
      1339.12       11.783819
      1339.70       12.854248
      1340.29       11.767869
      1340.87       12.200993
      1341.45       11.371733
      1342.04       12.045800
      1342.62       11.677044
      1343.20       12.055050
      1343.79       11.783749
      1344.37       12.053267
      1344.95       12.074273
      1345.54       12.732802
      1346.12       12.155681
      1346.70       11.436918
      1347.29       10.976848
      1347.87       11.184001
      1348.45       10.952614
      1349.04       11.762566
      1349.62       12.019877
      1350.20       12.022806
      1350.79       11.296369
      1351.37       11.017975
      1351.95       11.021173
      1352.54       10.609496
      1353.12       10.309206
      1353.70       10.382795
      1354.29       10.692001
      1354.87       11.314154
      1355.45       11.627954
      1356.04       11.940718
      1356.62       11.192942
      1357.20       10.619722
      1357.79       10.489597
      1358.37       11.036768
      1358.95       11.899365
      1359.54       11.764234
      1360.12       12.017215
      1360.70       12.003082
      1361.29       11.292586
      1361.87       10.664910
      1362.45       10.945464
      1363.04       10.783737
      1363.62       10.680111
      1364.20       10.588454
      1364.79       11.441220
      1365.37       10.929188
      1365.95       11.004441
      1366.54       10.269651
      1367.12       11.114043
      1367.70       10.323524
      1368.28       11.048337
      1368.87       10.156741
      1369.45       10.566373
      1370.03       10.669761
      1370.62       11.302305
      1371.20       11.647951
      1371.78       11.606522
      1372.37       12.482682
      1372.95       11.632370
      1373.53       11.390721
      1374.12       10.792611
      1374.70       10.739249
      1375.28       10.397019
      1375.87       9.6310998
      1376.45       10.153322
      1377.03       10.760890
      1377.62       11.732722
      1378.20       11.324285
      1378.78       10.987633
      1379.37       11.049018
      1379.95       11.294320
      1380.53       11.334710
      1381.12       11.883482
      1381.70       12.104096
      1382.28       12.182311
      1382.87       10.844007
      1383.45       10.470732
      1384.03       10.567984
      1384.62       10.898105
      1385.20       11.591108
      1385.78       11.627889
      1386.37       11.175394
      1386.95       10.708358
      1387.53       10.295761
      1388.12       10.844520
      1388.70       10.617955
      1389.28       9.8614879
      1389.87       10.112088
      1390.45       10.884726
      1391.03       12.093145
      1391.62       11.156115
      1392.20       11.221309
      1392.78       10.894462
      1393.37       10.733985
      1393.95       9.9964297
      1394.53       10.421303
      1395.11       11.568652
      1395.70       11.656955
      1396.28       10.859445
      1396.86       9.5046170
      1397.45       9.5195114
      1398.03       10.197471
      1398.61       10.343917
      1399.20       9.9523145
      1399.78       9.9055699
      1400.36       11.112745
      1400.95       11.773776
      1401.53       11.632678
      1402.11       11.493811
      1402.70       10.775772
      1403.28       11.016003
      1403.86       11.034641
      1404.45       11.407614
      1405.03       10.891753
      1405.61       11.123855
      1406.20       10.632565
      1406.78       10.703059
      1407.36       10.769241
      1407.95       10.911684
      1408.53       11.018927
      1409.11       10.886471
      1409.70       10.749154
      1410.28       10.497912
      1410.86       10.528826
      1411.44       11.050205
      1412.03       12.333138
      1412.61       12.057480
      1413.19       11.984367
      1413.78       11.669779
      1414.36       11.461495
      1414.94       11.882986
      1415.53       10.605788
      1416.11       10.722632
      1416.69       9.9461642
      1417.28       11.174398
      1417.86       11.392564
      1418.44       12.118468
      1419.03       12.169275
      1419.61       11.167980
      1420.19       10.882695
      1420.78       10.396157
      1421.36       10.156446
      1421.94       10.215379
      1422.52       9.9743022
      1423.11       10.805898
      1423.69       9.9270592
      1424.27       9.9413434
      1424.86       9.6406419
      1425.44       9.9594120
      1426.02       9.9236527
      1426.61       9.9431290
      1427.19       10.288268
      1427.77       9.5430562
      1428.36       10.094496
      1428.94       9.9042380
      1429.52       10.966738
      1430.11       10.541424
      1430.69       10.374099
      1431.27       9.9390049
      1431.86       9.8154099
      1432.44       10.113914
      1433.02       9.2318299
      1433.60       8.8829799
      1434.19       9.1063129
      1434.77       10.020575
      1435.35       10.541080
      1435.94       10.287449
      1436.52       10.677085
      1437.10       10.715712
      1437.69       11.263870
      1438.27       10.044434
      1438.85       9.6919026
      1439.44       9.0098610
      1440.02       9.5433723
      1440.60       10.291263
      1441.19       9.9263788
      1441.77       9.4474948
      1442.35       9.6608275
      1442.93       10.336053
      1443.52       11.571580
      1444.10       10.161844
      1444.68       9.6999864
      1445.27       9.2521208
      1445.85       9.6505921
      1446.43       9.3743958
      1447.02       8.7936658
      1447.60       8.4281331
      1448.18       8.8863880
      1448.77       10.127789
      1449.35       11.343462
      1449.93       10.851868
      1450.51       10.101917
      1451.10       9.6888914
      1451.68       9.9293725
      1452.26       10.167422
      1452.85       9.6919494
      1453.43       10.423993
      1454.01       9.9804931
      1454.60       10.475623
      1455.18       9.9797812
      1455.76       10.786710
      1456.35       10.881935
      1456.93       10.540746
      1457.51       10.395093
      1458.09       10.484030
      1458.68       10.593894
      1459.26       10.452822
      1459.84       10.878203
      1460.43       10.372890
      1461.01       9.7111568
      1461.59       9.3872905
      1462.18       9.8551041
      1462.76       10.212675
      1463.34       10.693937
      1463.93       10.970491
      1464.51       10.581452
      1465.09       10.182853
      1465.67       9.2297861
      1466.26       9.6804716
      1466.84       8.9733900
      1467.42       9.5493387
      1468.01       9.8467620
      1468.59       11.565863
      1469.17       11.850482
      1469.76       10.900859
      1470.34       10.104042
      1470.92       9.9582920
      1471.51       9.4103111
      1472.09       8.7236359
      1472.67       8.9260614
      1473.25       9.5459211
      1473.84       9.9181725
      1474.42       9.4036988
      1475.00       9.5416978
      1475.59       10.364053
      1476.17       10.665416
      1476.75       9.9793553
      1477.34       9.5682126
      1477.92       9.3261471
      1478.50       9.4609800
      1479.08       10.340637
      1479.67       10.887526
      1480.25       10.842233
      1480.83       10.547382
      1481.42       10.298206
      1482.00       10.176255
      1482.58       9.5225786
      1483.17       9.0150394
      1483.75       9.1470932
      1484.33       9.1351852
      1484.91       9.6397269
      1485.50       9.5564059
      1486.08       10.136090
      1486.66       9.9323261
      1487.25       10.079063
      1487.83       9.8155643
      1488.41       9.9880621
      1489.00       10.375182
      1489.58       9.8264942
      1490.16       9.1365094
      1490.74       8.9237358
      1491.33       8.7597360
      1491.91       9.6342996
      1492.49       10.101602
      1493.08       10.679287
      1493.66       9.5054002
      1494.24       9.2624450
      1494.83       9.4526815
      1495.41       10.169862
      1495.99       10.628232
      1496.57       10.063763
      1497.16       9.5531898
      1497.74       9.0579421
      1498.32       9.4515595
      1498.91       9.7417444
      1499.49       9.8313054
      1500.07       9.9724463
      1500.66       9.3490337
      1501.24       8.8129630
      1501.82       8.3618335
      1502.40       8.7907744
      1502.99       9.6239871
      1503.57       8.9972946
      1504.15       9.0962620
      1504.74       8.9062206
      1505.32       10.163931
      1505.90       9.6079958
      1506.49       9.4859734
      1507.07       9.0961305
      1507.65       9.8359384
      1508.23       9.5398330
      1508.82       9.8540918
      1509.40       9.3831495
      1509.98       9.6902829
      1510.57       9.4472901
      1511.15       10.046847
      1511.73       9.3062933
      1512.31       9.2122232
      1512.90       8.9312950
      1513.48       9.0501149
      1514.06       9.0795963
      1514.65       9.0095411
      1515.23       9.1103387
      1515.81       9.3976001
      1516.40       9.0090552
      1516.98       9.4467752
      1517.56       9.4078895
      1518.14       10.441687
      1518.73       10.955257
      1519.31       11.468675
      1519.89       10.940908
      1520.48       10.062242
      1521.06       9.9023210
      1521.64       10.229472
      1522.22       10.496087
      1522.81       10.476131
      1523.39       10.278908
      1523.97       10.170718
      1524.56       9.7935672
      1525.14       10.020605
      1525.72       10.092949
      1526.30       11.708211
      1526.89       10.900064
      1527.47       12.037876
      1528.05       10.578382
      1528.64       10.433345
      1529.22       10.450843
      1529.80       8.8323868
      1530.39       8.6171706
      1530.97       8.0994146
      1531.55       8.8094735
      1532.13       8.9178551
      1532.72       8.5782198
      1533.30       8.5362919
      1533.88       8.5204434
      1534.47       9.3339879
      1535.05       8.8893157
      1535.63       8.8311624
      1536.21       8.8611380
      1536.80       10.733193
      1537.38       10.462777
      1537.96       10.424156
      1538.55       9.8710194
      1539.13       9.4941156
      1539.71       9.0177492
      1540.29       8.3782903
      1540.88       8.4048827
      1541.46       9.0228723
      1542.04       9.2500503
      1542.63       8.5398700
      1543.21       7.7838721
      1543.79       8.0448077
      1544.37       8.7082153
      1544.96       9.4150687
      1545.54       9.4512787
      1546.12       10.283297
      1546.71       10.636005
      1547.29       10.044389
      1547.87       10.238059
      1548.45       9.7397783
      1549.04       9.6823562
      1549.62       9.0529858
      1550.20       9.7096565
      1550.79       10.628312
      1551.37       11.633009
      1551.95       10.191841
      1552.53       9.2273452
      1553.12       9.0617798
      1553.70       9.6380178
      1554.28       10.551951
      1554.87       10.852457
      1555.45       11.171039
      1556.03       10.911692
      1556.61       9.0616502
      1557.20       8.3226367
      1557.78       7.8810958
      1558.36       8.3043043
      1558.95       8.2208223
      1559.53       8.0283005
      1560.11       8.3954669
      1560.69       8.8786915
      1561.28       10.079344
      1561.86       9.2851555
      1562.44       8.9294279
      1563.02       9.1065603
      1563.61       9.5539445
      1564.19       10.122007
      1564.77       10.479456
      1565.36       9.4174987
      1565.94       8.7834922
      1566.52       8.1758646
      1567.10       8.4863606
      1567.69       8.6892900
      1568.27       8.4102558
      1568.85       8.3157507
      1569.44       9.1883315
      1570.02       9.0096454
      1570.60       8.9308344
      1571.18       7.9470267
      1571.77       8.3488610
      1572.35       8.4842494
      1572.93       7.6942959
      1573.52       7.1170181
      1574.10       7.7033053
      1574.68       8.4491676
      1575.26       10.535003
      1575.85       9.5687137
      1576.43       10.637304
      1577.01       8.5927775
      1577.59       8.6357143
      1578.18       8.2283288
      1578.76       9.4539842
      1579.34       9.5249796
      1579.93       9.7212802
      1580.51       9.2493051
      1581.09       8.7997219
      1581.67       9.1510796
      1582.26       8.0056144
      1582.84       8.2542561
      1583.42       8.5100012
      1584.01       8.8819943
      1584.59       9.7442489
      1585.17       8.8804715
      1585.75       9.2768356
      1586.34       8.5699865
      1586.92       9.0686230
      1587.50       9.9663402
      1588.08       9.9067730
      1588.67       9.0025686
      1589.25       8.0445033
      1589.83       7.8416786
      1590.42       7.9796233
      1591.00       8.6393823
      1591.58       8.7690736
      1592.16       9.6543553
      1592.75       9.2752780
      1593.33       10.837931
      1593.91       9.5467432
      1594.49       9.5100402
      1595.08       9.1512723
      1595.66       10.149952
      1596.24       11.634128
      1596.83       10.594081
      1597.41       9.7790616
      1597.99       8.5005505
      1598.57       7.6506004
      1599.16       8.5580761
      1599.74       9.1373978
      1600.32       10.483526
      1600.90       7.7296951
      1601.49       7.4547877
      1602.07       7.4077607
      1602.65       8.3391546
      1603.24       7.9984091
      1603.82       8.0520955
      1604.40       8.0696113
      1604.98       7.9734296
      1605.57       7.7620909
      1606.15       7.6164391
      1606.73       8.2861378
      1607.31       8.3843452
      1607.90       9.6315549
      1608.48       11.113195
      1609.06       13.947006
      1609.65       12.668444
      1610.23       10.460247
      1610.81       9.9445449
      1611.39       8.9587732
      1611.98       8.9287887
      1612.56       9.4362107
      1613.14       9.4123339
      1613.72       9.1796025
      1614.31       7.9738788
      1614.89       8.5012920
      1615.47       8.3283953
      1616.06       8.2204571
      1616.64       8.2099584
      1617.22       8.9920300
      1617.80       10.389104
      1618.39       9.4104473
      1618.97       8.6456781
      1619.55       8.2877620
      1620.13       7.9324518
      1620.72       7.8491206
      1621.30       7.5612069
      1621.88       7.8403337
      1622.46       7.1208099
      1623.05       7.6708112
      1623.63       8.1771571
      1624.21       9.6291049
      1624.80       8.8473750
      1625.38       8.2172791
      1625.96       7.9885055
      1626.54       7.6342525
      1627.13       8.1518121
      1627.71       8.4147817
      1628.29       9.5345002
      1628.87       7.9295155
      1629.46       8.1975785
      1630.04       8.0001482
      1630.62       9.5627300
      1631.20       8.2615264
      1631.79       9.2140072
      1632.37       8.3201268
      1632.95       9.2116784
      1633.54       7.9671682
      1634.12       8.0922262
      1634.70       8.3308731
      1635.28       8.0603074
      1635.87       8.2608607
      1636.45       8.0534600
      1637.03       9.0105276
      1637.61       9.5339762
      1638.20       10.580794
      1638.78       9.0338943
      1639.36       8.6124555
      1639.94       6.7678111
      1640.53       6.7218823
      1641.11       6.4003265
      1641.69       7.6599948
      1642.27       8.7513120
      1642.86       8.5496384
      1643.44       7.0982407
      1644.02       7.1140452
      1644.61       8.8139016
      1645.19       12.954153
      1645.77       10.993070
      1646.35       8.9677327
      1646.94       8.5080781
      1647.52       7.5968669
      1648.10       8.5489836
      1648.68       6.9081010
      1649.27       7.2479341
      1649.85       7.2004503
      1650.43       8.3666989
      1651.01       9.2158066
      1651.60       8.7369586
      1652.18       9.0906079
      1652.76       7.9270655
      1653.34       7.1458673
      1653.93       7.1370694
      1654.51       7.8568017
      1655.09       8.8233217
      1655.67       8.8318242
      1656.26       7.9552428
      1656.84       7.5014475
      1657.42       7.8508937
      1658.01       8.6814915
      1658.59       8.7017932
      1659.17       9.4970738
      1659.75       8.1698909
      1660.34       8.5199850
      1660.92       7.5981573
      1661.50       9.5804927
      1662.08       10.173140
      1662.67       10.192613
      1663.25       10.259587
      1663.83       8.7116849
      1664.41       8.5886395
      1665.00       8.9563764
      1665.58       8.5336835
      1666.16       7.2912171
      1666.74       6.4834760
      1667.33       6.6784520
      1667.91       7.3937307
      1668.49       8.4135708
      1669.07       9.3341181
      1669.66       9.9315281
      1670.24       9.9215890
      1670.82       8.6258601
      1671.40       9.1635659
      1671.99       8.6856902
      1672.57       9.2133218
      1673.15       8.6453003
      1673.73       9.2009091
      1674.32       9.3457330
      1674.90       10.007219
      1675.48       8.8211083
      1676.06       8.6940214
      1676.65       7.8524317
      1677.23       8.0879534
      1677.81       8.6740976
      1678.92       8.6136963
      1680.47       9.1146351
      1682.01       8.4275839
      1683.56       12.508910
      1685.10       7.9139310
      1686.64       6.5998878
      1688.19       5.0973151
      1689.73       6.5438550
      1691.28       8.8035078
      1692.82       9.6775297
      1694.37       8.9463630
      1695.91       8.0717245
      1697.46       10.085762
      1699.00       9.0542918
      1700.54       8.9068898
      1702.09       6.9319688
      1703.63       7.2678271
      1705.18       6.9243265
      1706.72       7.7890048
      1708.27       7.2632215
      1709.81       6.5351099
      1711.35       7.5019197
      1712.90       7.6820347
      1714.44       9.1925227
      1715.99       9.3191424
      1717.53       9.1280010
      1719.08       11.286770
      1720.62       8.3497691
      1722.17       17.148370
      1723.71       11.358387
      1725.26       11.239998
      1726.80       8.6260791
      1728.34       7.6954220
      1729.89       7.6534513
      1731.43       8.7507620
      1732.98       9.3434021
      1734.52       8.8714555
      1736.07       8.6138284
      1737.61       8.7856623
      1739.16       9.2842289
      1740.70       7.7129736
      1742.25       8.0611844
      1743.79       8.1662923
      1745.34       7.5940537
      1746.88       6.4347454
      1748.42       5.0120591
      1749.97       5.1461604
      1751.51       4.9879066
      1753.06       6.9165948
      1754.60       7.2911199
      1756.15       9.8551359
      1757.69       9.9634861
      1759.24       9.9752267
      1760.78       9.0313471
      1762.33       8.8053547
      1763.87       9.4654990
      1765.42       9.8779989
      1766.96       10.642410
      1768.51       9.4630211
      1770.05       8.0855442
      1771.60       7.8026900
      1773.14       7.3016016
      1774.69       7.6725260
      1776.23       6.6780577
      1777.77       7.1047765
      1779.32       7.3675459
      1780.86       7.1929858
      1782.41       8.0626608
      1783.95       7.4397919
      1785.50       7.4207402
      1787.04       7.0092930
      1788.59       7.7990799
      1790.13       8.0858682
      1791.68       7.2408233
      1793.22       8.0357462
      1794.77       7.7895624
      1796.31       8.8722658
      1797.86       9.4575122
      1799.40       8.4685007
      1800.95       8.3518801
      1802.49       6.3705646
      1804.04       7.1835376
      1805.58       7.7518963
      1807.13       7.0290327
      1808.67       7.2775450
      1810.22       7.3157543
      1811.76       10.363902
      1813.31       9.7185134
      1814.85       8.2540121
      1816.40       7.8205684
      1817.94       7.6214349
      1819.49       8.3889226
      1821.03       6.4843081
      1822.58       6.8071620
      1824.12       6.4734237
      1825.67       8.3741409
      1827.21       8.9261092
      1828.76       8.5460470
      1830.30       9.3584780
      1831.85       7.3513694
      1833.39       6.5684858
      1834.94       5.3545327
      1836.48       6.1104259
      1838.03       7.1646051
      1839.58       7.5164220
      1841.12       8.8256493
      1842.67       7.6096093
      1844.21       7.9492808
      1845.76       6.0308915
      1847.30       7.1002465
      1848.85       7.0725800
      1850.39       7.6657001
      1851.94       6.2950572
      1853.48       7.2441867
      1855.03       7.0963043
      1856.57       8.1627071
      1858.12       7.3108627
      1859.66       7.5986539
      1861.21       6.8213802
      1862.75       6.3974231
      1864.30       6.2680820
      1865.85       5.7528460
      1867.39       5.4233315
      1868.94       5.5611524
      1870.48       7.0483560
      1872.03       8.8145134
      1873.57       8.6425714
      1875.12       7.3273529
      1876.66       6.6711313
      1878.21       7.3799016
      1879.75       8.3931495
      1881.30       8.3137643
      1882.84       6.9881811
      1884.39       7.5578660
      1885.94       6.7664270
      1887.48       6.1567363
      1889.03       6.0936632
      1890.57       7.3191642
      1892.12       7.2470635
      1893.66       6.8053251
      1895.21       5.8438994
      1896.75       6.1295650
      1898.30       5.8146220
      1899.85       5.8687871
      1901.39       5.6328987
      1902.94       6.0416245
      1904.48       6.7494008
      1906.03       6.5250759
      1907.57       6.1266931
      1909.12       5.6776484
      1910.66       7.0959707
      1912.21       7.3980349
      1913.76       7.9591709
      1915.30       6.4807626
      1916.85       6.2580289
      1918.39       5.6811640
      1919.94       7.4497598
      1921.48       7.9305067
      1923.03       9.6309968
      1924.58       8.5731861
      1926.12       7.7466140
      1927.67       6.4850874
      1929.21       6.0992772
      1930.76       6.3821881
      1932.30       7.6604190
      1933.85       8.3923376
      1935.40       8.1854181
      1936.94       6.8444614
      1938.49       6.3842677
      1940.03       6.7336422
      1941.58       7.8842446
      1943.12       8.5796252
      1944.67       9.4541266
      1946.22       8.8789708
      1947.76       8.3859063
      1949.31       7.3316777
      1950.85       7.7645439
      1952.40       8.4223423
      1953.95       8.5389769
      1955.49       7.4482679
      1957.04       6.1703616
      1958.58       6.6173236
      1960.13       6.3617860
      1961.67       6.3128472
      1963.22       5.8212776
      1964.77       5.3150109
      1966.31       5.9809145
      1967.86       6.1516812
      1969.40       7.0820918
      1970.95       7.8279842
      1972.50       8.3043996
      1974.04       10.338170
      1975.59       8.4704554
      1977.13       8.4762965
      1978.68       7.5374471
      1980.23       7.6059710
      1981.77       7.0308250
      1983.32       6.5463136
      1984.86       7.0856153
      1986.41       6.9651261
      1987.96       7.6132542
      1989.50       7.3037323
      1991.05       8.5317319
      1992.59       7.6552241
      1994.14       8.6777540
      1995.69       8.0868317
      1997.23       10.738293
      1998.78       8.4351233
      2000.33       7.3756148
      2001.87       6.4701266
      2003.42       6.5726140
      2004.96       7.4440103
      2006.51       6.9390138
      2008.06       6.2030068
      2009.60       6.7181333
      2011.15       6.4626872
      2012.69       6.9665106
      2014.24       6.0479417
      2015.79       6.2902716
      2017.33       6.9069619
      2018.88       7.8972367
      2020.43       8.8103167
      2021.97       7.8545907
      2023.52       7.5282425
      2025.06       7.1993765
      2026.61       7.5635454
      2028.16       7.9082335
      2029.70       8.1991515
      2031.25       8.5271935
      2032.80       8.2749216
      2034.34       7.7126231
      2035.89       7.4800038
      2037.44       7.5429675
      2038.98       9.5911645
      2040.53       10.235825
      2042.07       10.108323
      2043.62       8.6652652
      2045.17       9.8459247
      2046.71       8.9137961
      2048.26       9.2260281
      2049.81       7.5546280
      2051.35       7.3529431
      2052.90       6.6938146
      2054.45       6.8905833
      2055.99       7.1583495
      2057.54       7.9515176
      2059.09       8.1734341
      2060.63       8.5327112
      2062.18       8.6953311
      2063.72       7.3436172
      2065.27       7.3198351
      2066.82       6.6051341
      2068.36       7.5255291
      2069.91       8.7488388
      2071.46       10.874537
      2073.00       10.830050
      2074.55       8.9970703
      2076.10       7.6341008
      2077.64       8.8948811
      2079.19       11.569337
      2080.74       11.245255
      2082.28       9.7367118
      2083.83       7.4519791
      2085.38       7.4485042
      2086.92       6.7842078
      2088.47       7.0614682
      2090.02       7.3890999
      2091.56       8.7090782
      2093.11       9.0130711
      2094.66       8.0561786
      2096.20       7.4130935
      2097.75       7.2245639
      2099.30       7.8442200
      2100.84       7.3250480
      2102.39       6.6551345
      2103.94       6.3533219
      2105.48       6.6472892
      2107.03       7.7578981
      2108.58       9.0218770
      2110.12       8.3005434
      2111.67       8.1507910
      2113.22       7.2835019
      2114.76       7.6312535
      2116.31       7.7000960
      2117.86       7.6016718
      2119.41       7.4872659
      2120.95       7.3053586
      2122.50       7.4938936
      2124.05       7.4173473
      2125.59       6.8333044
      2127.14       6.6088964
      2128.69       7.1999654
      2130.23       8.2803562
      2131.78       8.9523729
      2133.33       8.1040518
      2134.87       6.8847111
      2136.42       7.2384666
      2137.97       7.8601853
      2139.51       9.6850460
      2141.06       9.0482209
      2142.61       7.7347772
      2144.16       7.3420238
      2145.70       8.1339894
      2147.25       8.7724634
      2148.80       9.1476091
      2150.34       8.4335826
      2151.89       8.8668452
      2153.44       9.5167573
      2154.98       9.8189262
      2156.53       8.5962834
      2158.08       8.3581193
      2159.63       7.9630059
      2161.17       7.8605175
      2162.72       7.4956090
      2164.27       7.2207157
      2165.81       7.7657188
      2167.36       7.8768569
      2168.91       8.5060591
      2170.46       8.7948698
      2172.00       8.6143506
      2173.55       8.8630920
      2175.10       8.1275112
      2176.64       8.2459344
      2178.19       7.6537000
      2179.74       8.4347148
      2181.29       7.7234920
      2182.83       7.9492545
      2184.38       6.7549992
      2185.93       7.4011462
      2187.47       7.7501384
      2189.02       8.0832444
      2190.57       8.1753284
      2192.12       7.5975246
      2193.66       8.5272227
      2195.21       8.3942084
      2196.76       8.4849785
      2198.31       8.6200465
      2199.85       8.8482794
      2201.40       8.5088847
      2202.95       8.3476023
      2204.50       7.5940805
      2206.04       8.5910761
      2207.59       8.2559093
      2209.14       7.9527293
      2210.68       7.5601057
      2212.23       8.1905364
      2213.78       7.9332690
      2215.33       7.9405124
      2216.87       7.5044215
      2218.42       7.7076594
      2219.97       7.2552030
      2221.52       6.6947553
      2223.06       6.7761973
      2224.61       6.7839214
      2226.16       7.1566733
      2227.71       7.0412358
      2229.25       7.4022027
      2230.80       8.5430691
      2232.35       8.7915109
      2233.90       8.2896322
      2235.44       7.3203904
      2236.99       7.1289454
      2238.54       7.4532359
      2240.09       7.6398198
      2241.63       7.4025159
      2243.18       7.0585075
      2244.73       7.0727511
      2246.28       7.7733822
      2247.82       7.8077253
      2249.37       7.8099466
      2250.92       7.4768737
      2252.47       6.8267724
      2254.01       5.9634792
      2255.56       6.1728155
      2257.11       6.6734098
      2258.66       7.0783246
      2260.21       6.9433833
      2261.75       6.6051847
      2263.30       7.1410035
      2264.85       7.1550235
      2266.40       7.1605653
      2267.94       6.3498765
      2269.49       5.8142314
      2271.04       5.8400953
      2272.59       5.9596193
      2274.13       6.4200817
      2275.68       6.3534215
      2277.23       6.3201701
      2278.78       6.5987753
      2280.33       6.8198635
      2281.87       7.2020164
      2283.42       6.8993646
      2284.97       7.0738906
      2286.52       7.0909424
      2288.06       7.1047754
      2289.61       6.9489703
      2291.16       6.6613777
      2292.71       6.7253280
      2294.26       5.8282232
      2295.80       5.9162673
      2297.35       5.3815686
      2298.90       6.1376754
      2300.45       6.3070794
      2302.00       6.8426204
      2303.54       6.4105252
      2305.09       6.5698338
      2306.64       6.7630967
      2308.19       7.5252743
      2309.74       7.7349072
      2311.28       7.4563238
      2312.83       7.0044489
      2314.38       6.2640125
      2315.93       6.9855538
      2317.48       7.0276309
      2319.02       7.6332102
      2320.57       6.1581421
      2322.12       5.7180808
      2323.67       5.1309946
      2325.22       5.4786442
      2326.76       5.7431870
      2328.31       5.4363097
      2329.86       5.5565642
      2331.41       5.8540077
      2332.96       6.9869033
      2334.50       6.8275820
      2336.05       6.6439589
      2337.60       6.7510070
      2339.15       6.3304315
      2340.70       6.5205890
      2342.24       6.0646716
      2343.79       6.1223761
      2345.34       6.0340642
      2346.89       6.2115980
      2348.44       5.8754482
      2349.99       5.9352400
      2351.53       5.9054089
      2353.08       6.3437330
      2354.63       6.1412337
      2356.18       5.8552935
      2357.73       5.9682496
      2359.27       5.7517224
      2360.82       6.5335691
      2362.37       6.4792526
      2363.92       6.1736751
      2365.47       5.1297393
      2367.02       5.0000692
      2368.56       5.8081995
      2370.11       7.3078560
      2371.66       7.2927377
      2373.21       6.4303046
      2374.76       5.4336667
      2376.31       5.5579778
      2377.85       6.1078618
      2379.40       6.3094760
      2380.95       6.1832107
      2382.50       5.8393604
      2384.05       6.1588704
      2385.60       5.7691821
      2387.14       5.6901363
      2388.69       5.2272715
      2390.24       5.7171033
      2391.79       5.6492138
      2393.34       5.6896611
      2394.89       5.5092669
      2396.44       5.2438219
      2397.98       5.4892750
      2399.53       5.4676500
      2401.08       5.5893479
      2402.63       5.7436876
      2404.18       5.9628115
      2405.73       5.7934903
      2407.27       5.2670316
      2408.82       5.1031151
      2410.37       4.9899329
      2411.92       5.1220357
      2413.47       5.3471476
      2415.02       5.8253380
      2416.57       5.7826544
      2418.11       5.5785887
      2419.66       5.1923465
      2421.21       5.3358562
      2422.76       5.2169917
      2424.31       5.2407816
      2425.86       4.9172878
      2427.41       5.4312431
      2428.96       5.4597890
      2430.50       5.2847726
      2432.05       4.9500556
      2433.60       5.2134724
      2435.15       5.2532279
      2436.70       5.1965758
      2438.25       5.0104162
      2439.80       5.2517043
      2441.34       5.0841500
      2442.89       4.9006999
      2444.44       5.1250958
      2445.99       4.9855271
      2447.54       5.2044423
      2449.09       5.0344337
      2450.64       5.7365029
      2452.19       5.1668328
      2453.74       4.7178039
      2455.28       4.4579227
      2456.83       4.3312230
      2458.38       4.6628032
      2459.93       4.3840648
      2461.48       4.9124346
      2463.03       4.9075688
      2464.58       4.9477388
      2466.13       4.8356386
      2467.67       4.8191319
      2469.22       4.7503634
      2470.77       4.9680058
      2472.32       5.3024871
      2473.87       5.4766546
      2475.42       5.3122723
      2476.97       5.1381501
      2478.52       5.0817444
      2480.07       5.4854821
      2481.61       5.0573773
      2483.16       5.2798573
      2484.71       4.9823591
      2486.26       5.3954745
      2487.81       5.3446231
      2489.36       5.5416750
      2490.91       4.7517953
      2492.46       4.6239859
      2494.01       4.4863893
      2495.56       5.3639903
      2497.11       4.9510894
      2498.65       4.4483685
      2500.20       4.1540612
      2501.75       4.6908106
      2503.30       4.7599909
      2504.85       4.5329500
      2506.40       4.0683502
      2507.95       4.1063454
      2509.50       4.2327142
      2511.05       4.1329864
      2512.60       3.6998587
      2514.15       3.7179014
      2515.69       4.1416124
      2517.24       4.8432421
      2518.79       4.9101434
      2520.34       4.8240488
      2521.89       4.7751906
      2523.44       5.1565839
      2524.99       4.7031035
      2526.54       4.5516894
      2528.09       4.1362452
      2529.64       4.3670445
      2531.19       4.3724261
      2532.74       4.8073552
      2534.29       4.6805729
      2535.83       4.9240211
      2537.38       4.8325141
      2538.93       5.2164379
      2540.48       5.1064217
      2542.03       4.5203040
      2543.58       4.1831179
      2545.13       4.0059410
      2546.68       4.5475716
      2548.23       4.8267383
      2549.78       5.4132705
      2551.33       5.0634262
      2552.88       4.7314843
      2554.43       4.2437293
      2555.98       4.1954589
      2557.53       4.0838075
      2559.07       4.1743981
      2560.62       4.0207259
      2562.17       4.1042473
      2563.72       4.7254260
      2565.27       5.2041608
      2566.82       5.8771339
      2568.37       5.0559258
      2569.92       4.9542763
      2571.47       4.7110118
      2573.02       5.1126423
      2574.57       5.0818709
      2576.12       4.5603361
      2577.67       4.1223119
      2579.22       4.0059465
      2580.77       3.9917428
      2582.32       4.2138920
      2583.87       4.7850767
      2585.42       5.3816378
      2586.97       5.1010306
      2588.52       4.1827996
      2590.07       3.9208103
      2591.61       4.3113594
      2593.16       5.0094055
      2594.71       5.1234242
      2596.26       4.7690400
      2597.81       4.9276686
      2599.36       5.5775402
      2600.91       6.3828526
      2602.46       6.0740438
      2604.01       5.5406546
      2605.56       5.0747541
      2607.11       5.0971259
      2608.66       5.2667429
      2610.21       5.4458194
      2611.76       4.5827787
      2613.31       4.1049813
      2614.86       3.7897298
      2616.41       4.1123148
      2617.96       4.2733097
      2619.51       3.7357238
      2621.06       3.9385972
      2622.61       4.1084490
      2624.16       4.5922205
      2625.71       4.4520661
      2627.26       4.2017141
      2628.81       4.2180003
      2630.36       4.2666978
      2631.91       4.3878069
      2633.46       4.1006099
      2635.01       4.2449880
      2636.56       4.1797230
      2638.11       4.5265244
      2639.66       3.9837826
      2641.21       3.8848147
      2642.76       3.9966044
      2644.31       4.5673572
      2645.86       4.3312417
      2647.41       4.2514870
      2648.96       4.1152588
      2650.51       4.3245964
      2652.06       4.5609278
      2653.61       4.1478829
      2655.16       4.2548295
      2656.71       4.3174976
      2658.26       4.4016933
      2659.81       4.5175224
      2661.36       4.2981284
      2662.91       4.4003849
      2664.46       4.6063244
      2666.01       4.4947023
      2667.56       4.2976467
      2669.11       3.5655517
      2670.66       3.5035045
      2672.21       3.5858994
      2673.76       3.8886070
      2675.31       3.7770495
      2676.86       3.6353497
      2678.41       3.7306314
      2679.96       3.7749242
      2681.51       3.6361418
      2683.06       3.5114459
      2684.61       3.4684505
      2686.16       3.7142297
      2687.71       3.6924488
      2689.26       4.3273627
      2690.81       4.4361767
      2692.36       4.1501318
      2693.91       3.8516794
      2695.46       3.9917038
      2697.01       4.0903683
      2698.56       3.8438307
      2700.11       3.5462633
      2701.66       3.8355698
      2703.21       3.8456171
      2704.76       4.2056692
      2706.31       4.0824740
      2707.86       4.0071962
      2709.41       3.6481686
      2710.96       3.5833454
      2712.51       3.8599458
      2714.06       4.0436452
      2715.61       4.3643857
      2717.16       4.3361699
      2718.71       3.9762779
      2720.26       3.3777964
      2721.82       3.1009865
      2723.37       3.5673126
      2724.92       3.4441003
      2726.47       3.6894157
      2728.02       3.2752173
      2729.57       3.5467092
      2731.12       3.4890476
      2732.67       3.7889631
      2734.22       4.0642324
      2735.77       4.1194167
      2737.32       3.8676041
      2738.87       3.9213441
      2740.42       3.9694288
      2741.97       3.8017741
      2743.52       3.4186601
      2745.07       3.3588277
      2746.62       3.5393615
      2748.17       3.8800001
      2749.72       3.7102984
      2751.27       3.7108426
      2752.82       3.5967126
      2754.38       3.6624959
      2755.93       3.5698564
      2757.48       3.6188735
      2759.03       3.7896197
      2760.58       4.1476617
      2762.13       4.3732648
      2763.68       4.3016155
      2765.23       4.4169257
      2766.78       4.0891502
      2768.33       4.4337119
      2769.88       4.2025423
      2771.43       4.7579906
      2772.98       4.5184893
      2774.53       4.7306274
      2776.08       4.7448394
      2777.64       4.3659869
      2779.19       3.3746917
      2780.74       2.8650063
      2782.29       2.8505984
      2783.84       3.1979864
      2785.39       3.3590342
      2786.94       3.2942409
      2788.49       4.1554810
      2790.04       4.6515832
      2791.59       4.9576954
      2793.14       4.3790475
      2794.69       5.0014017
      2796.24       5.6704315
      2797.80       5.5431244
      2799.35       4.6802695
      2800.90       4.2206499
      2802.45       4.7213743
      2804.00       4.3320452
      2805.55       4.0822030
      2807.10       3.4958390
      2808.65       3.3874276
      2810.20       3.3298708
      2811.75       3.1616676
      2813.30       3.1168407
      2814.85       3.2970076
      2816.41       3.8863626
      2817.96       3.6328546
      2819.51       3.5701384
      2821.06       2.9816862
      2822.61       3.3492732
      2824.16       3.4192048
      2825.71       3.3166536
      2827.26       3.4214820
      2828.81       3.1301921
      2830.36       3.3993566
      2831.92       3.0320121
      2833.47       3.5913568
      2835.02       3.8684026
      2836.57       4.5024821
      2838.12       4.4570080
      2839.67       4.6460969
      2841.22       4.2723319
      2842.77       3.5412686
      2844.32       3.1924613
      2845.88       3.0505407
      2847.43       3.2764579
      2848.98       3.4901973
      2850.53       3.8528325
      2852.08       3.9381503
      2853.63       4.2131042
      2855.18       4.3542979
      2856.73       4.6537628
      2858.28       4.2776168
      2859.84       4.0469293
      2861.39       3.7761418
      2862.94       3.8374135
      2864.49       3.7891456
      2866.04       3.9191331
      2867.59       3.8688701
      2869.14       3.7688366
      2870.69       4.1665328
      2872.25       3.7805728
      2873.80       3.8271877
      2875.35       3.1244233
      2876.90       3.5031221
      2878.45       3.0681997
      2880.00       3.1013856
      2881.55       2.8939180
      2883.10       3.1351164
      2884.66       3.0770767
      2886.21       3.0538529
      2887.76       3.1868461
      2889.31       3.1851191
      2890.86       3.1258175
      2892.41       2.8524672
      2893.96       3.3943347
      2895.52       3.6027212
      2897.07       3.9954747
      2898.62       3.2905913
      2900.17       2.9870167
      2901.72       2.5557523
      2903.27       3.0728927
      2904.82       2.9737343
      2906.38       3.0673859
      2907.93       2.7482411
      2909.48       2.5753777
      2911.03       2.9763770
      2912.58       3.2516277
      2914.13       3.4615103
      2915.69       3.8905499
      2917.24       3.3657442
      2918.79       3.4905911
      2920.34       3.1706592
      2921.89       3.6944329
      2923.44       4.1716842
      2924.99       4.2127361
      2926.55       3.4165943
      2928.10       2.8781006
      2929.65       2.6530260
      2931.20       2.9507902
      2932.75       3.5111211
      2934.30       3.1558844
      2935.86       3.2940969
      2937.41       2.9688273
      2938.96       3.3749987
      2940.51       2.8676595
      2942.06       2.9339066
      2943.61       3.4104680
      2945.17       4.6163714
      2946.72       4.2375766
      2948.27       4.0544090
      2949.82       3.2098854
      2951.37       3.6690217
      2952.92       3.4995289
      2954.48       4.5865402
      2956.03       4.1690442
      2957.58       3.6296412
      2959.13       2.9994759
      2960.68       2.4743991
      2962.24       2.5867458
      2963.79       2.7297254
      2965.34       2.7578479
      2966.89       3.2569530
      2968.44       2.7807808
      2969.99       3.6017149
      2971.55       3.6828320
      2973.10       3.6755874
      2974.65       3.0790273
      2976.20       2.3979605
      2977.75       2.4211938
      2979.31       2.3430875
      2980.86       2.6398708
      2982.41       3.0464933
      2983.96       3.6363557
      2985.51       3.5956127
      2987.07       3.1656494
      2988.62       3.2772816
      2990.17       3.1813524
      2991.72       3.1235941
      2993.27       2.6375385
      2994.83       2.6330406
      2996.38       2.9316256
      2997.93       3.0057313
      2999.48       3.2592364
      3001.03       3.0783546
      3002.59       3.8250451
      3004.14       2.8202084
      3005.69       3.5638522
      3007.24       3.2642013
      3008.79       3.9877184
      3010.35       3.2689803
      3011.90       2.7640371
      3013.45       3.1467657
      3015.00       2.8537252
      3016.55       2.6476107
      3018.11       2.3151613
      3019.66       2.4455190
      3021.21       3.1055597
      3022.76       2.3782921
      3024.31       2.9760891
      3025.87       2.8753455
      3027.42       3.7092443
      3028.97       3.8833125
      3030.52       3.8281644
      3032.08       4.8280436
      3033.63       4.0856185
      3035.18       3.9139259
      3036.73       3.0221885
      3038.28       2.8450522
      3039.84       2.5882422
      3041.39       2.9407160
      3042.94       3.4230401
      3044.49       3.8622007
      3046.05       3.7063189
      3047.60       2.9648116
      3049.15       4.0108321
      3050.70       4.0739622
      3052.26       4.9474742
      3053.81       3.3115710
      3055.36       3.5669989
      3056.91       3.6618108
      3058.46       4.4022471
      3060.02       4.4487868
      3061.57       3.5099980
      3063.12       2.5479486
      3064.67       2.1985692
      3066.23       2.3386748
      3067.78       2.7161915
      3069.33       2.6562723
      3070.88       2.4994712
      3072.44       2.5812415
      3073.99       2.9622578
      3075.54       2.6662508
      3077.09       2.3139015
      3078.65       2.1889511
      3080.20       1.9431404
      3081.75       2.3126544
      3083.30       2.2081714
      3084.86       3.2144128
      3086.41       4.4011599
      3087.96       4.6090145
      3089.51       2.8595651
      3091.07       2.1328016
      3092.62       2.0975416
      3094.17       2.7471370
      3095.72       2.3612316
      3097.28       1.7393651
      3098.83       2.5729758
      3100.38       2.7254786
      3101.93       4.3401249
      3103.49       3.8079454
      3105.04       4.4041284
      3106.59       3.9545362
      3108.15       3.9464544
      3109.70       4.8277108
      3111.25       3.5170024
      3112.80       3.6667849
      3114.36       3.0599180
      3115.91       1.9614846
      3117.46       1.4586560
      3119.01       1.7215263
      3120.57       3.6605507
      3122.12       3.7672878
      3123.67       3.6473148
      3125.23       5.1933642
      3126.78       5.9590271
      3128.33       3.9404409
      3129.88       2.1838868
      3131.44       1.8131507
      3132.99       2.6026916
      3134.54       2.8879564
      3136.09       1.8496703
      3137.65       1.6641692
      3139.20       1.9930988
      3140.75       3.2304157
      3142.31       3.9135665
      3143.86       3.6068467
      3145.41       4.9339701
      3146.97       5.8585136
