#MR12-09
#LAMBDA K(LAMBDA-55)
      1140.81       12.615042
      1141.39       20.560903
      1141.97       11.280717
      1142.56       8.4636683
      1143.14       8.3116896
      1143.73       15.256932
      1144.31       27.995097
      1144.89       24.346264
      1145.48       14.262683
      1146.06       12.888644
      1146.64       11.803695
      1147.23       18.666536
      1147.81       23.062744
      1148.40       34.316076
      1148.98       16.017240
      1149.56       14.961065
      1150.15       12.359028
      1150.73       16.416857
      1151.32       13.881707
      1151.90       14.910521
      1152.48       14.870205
      1153.07       15.972920
      1153.65       16.816427
      1154.23       13.265988
      1154.82       14.114303
      1155.40       13.577723
      1155.99       14.896443
      1156.57       14.673705
      1157.15       13.427819
      1157.74       15.194629
      1158.32       14.401072
      1158.90       14.667211
      1159.49       13.524209
      1160.07       13.707481
      1160.66       13.317746
      1161.24       13.450853
      1161.82       14.705573
      1162.41       15.800564
      1162.99       15.068870
      1163.57       13.096694
      1164.16       12.943832
      1164.74       12.759826
      1165.33       15.629100
      1165.91       14.948200
      1166.49       14.759337
      1167.08       12.724490
      1167.66       13.532981
      1168.25       14.188815
      1168.83       16.156839
      1169.41       16.532968
      1170.00       15.191090
      1170.58       13.361313
      1171.16       13.058340
      1171.75       14.892048
      1172.33       16.184499
      1172.92       15.542547
      1173.50       14.629770
      1174.08       14.192801
      1174.67       13.651967
      1175.25       12.950074
      1175.83       12.477882
      1176.42       14.186063
      1177.00       16.479577
      1177.59       15.073883
      1178.17       12.996337
      1178.75       12.206250
      1179.34       13.960955
      1179.92       16.450059
      1180.50       14.862735
      1181.09       13.964415
      1181.67       13.162723
      1182.26       13.954400
      1182.84       14.496771
      1183.42       13.719351
      1184.01       12.540062
      1184.59       12.407711
      1185.17       12.593166
      1185.76       12.507650
      1186.34       10.738887
      1186.93       11.376779
      1187.51       11.825148
      1188.09       16.624265
      1188.68       16.998819
      1189.26       16.199679
      1189.84       15.409760
      1190.43       16.860635
      1191.01       26.527529
      1191.60       13.256325
      1192.18       13.700560
      1192.76       12.367289
      1193.35       21.198506
      1193.93       16.892440
      1194.51       15.806320
      1195.10            -NaN
      1195.68       24.048089
      1196.26       19.752719
      1196.85       9.8540302
      1197.43       6.2958796
      1198.02       7.0576316
      1198.60       11.939051
      1199.18            -NaN
      1199.77       22.614918
      1200.35       13.139709
      1200.93            -NaN
      1201.52            -NaN
      1202.10            -NaN
      1202.69            -NaN
      1203.27            -NaN
      1203.85            -NaN
      1204.44            -NaN
      1205.02            -NaN
      1205.60            -NaN
      1206.19            -NaN
      1206.77            -NaN
      1207.36      -31.538165
      1207.94      -31.894889
      1208.52            -NaN
      1209.11      -29.732786
      1209.69            -NaN
      1210.27            -NaN
      1210.86      -71.410187
      1211.44      -107.16105
      1212.02      -134.63329
      1212.61      -142.22942
      1213.19            -NaN
      1213.78      -172.93564
      1214.36      -193.33356
      1214.94      -202.13179
      1215.53            -NaN
      1216.11            -NaN
      1216.69      -198.74047
      1217.28            -NaN
      1217.86            -NaN
      1218.44            -NaN
      1219.03      -138.91574
      1219.61            -NaN
      1220.20            -NaN
      1220.78            -NaN
      1221.36            -NaN
      1221.95      -52.164642
      1222.53      -40.960187
      1223.11      -43.989799
      1223.70      -35.867682
      1224.28      -32.262636
      1224.86      -19.541182
      1225.45      -13.024622
      1226.03            -NaN
      1226.62            -NaN
      1227.20       5.2795700
      1227.78      -8.7610947
      1228.37      -8.5642190
      1228.95     -0.71487335
      1229.53       20.062471
      1230.12       34.215107
      1230.70       11.963609
      1231.28       4.0932189
      1231.87       9.7393954
      1232.45       14.516798
      1233.04       11.671244
      1233.62       13.735425
      1234.20       6.0766947
      1234.79       9.7884334
      1235.37       7.6480171
      1235.95       21.288722
      1236.54            -NaN
      1237.12            -NaN
      1237.70       17.647685
      1238.29       12.134282
      1238.87       9.5842828
      1239.46       12.883022
      1240.04       14.664975
      1240.62       18.440405
      1241.21       13.598435
      1241.79       13.177285
      1242.37       11.007120
      1242.96       10.803000
      1243.54       11.729673
      1244.12       15.060535
      1244.71       15.074495
      1245.29       13.759214
      1245.88       13.024630
      1246.46       12.641356
      1247.04       12.726242
      1247.63       11.961196
      1248.21       12.709979
      1248.79       13.137531
      1249.38       13.258118
      1249.96       13.214457
      1250.54       12.843310
      1251.13       13.895000
      1251.71       13.990123
      1252.29       13.313274
      1252.88       12.254894
      1253.46       12.962956
      1254.05       13.626284
      1254.63       13.881986
      1255.21       12.470382
      1255.80       11.943341
      1256.38       12.380948
      1256.96       12.919233
      1257.55       13.497638
      1258.13       13.883073
      1258.71       14.766116
      1259.30       15.563330
      1259.88       16.855900
      1260.46       15.557135
      1261.05       15.826287
      1261.63       14.383447
      1262.21       13.686708
      1262.80       12.081723
      1263.38       11.584768
      1263.97       11.257568
      1264.55       11.441628
      1265.13       13.319001
      1265.72       13.993127
      1266.30       14.222291
      1266.88       13.624270
      1267.47       13.826459
      1268.05       12.983987
      1268.63       12.524126
      1269.22       12.555354
      1269.80       13.588721
      1270.38       14.287127
      1270.97       14.666692
      1271.55       14.400249
      1272.14       13.097287
      1272.72       12.222722
      1273.30       12.139270
      1273.89       12.885714
      1274.47       13.252592
      1275.05       13.237366
      1275.64       13.263501
      1276.22       13.399292
      1276.80       12.606587
      1277.39       11.236513
      1277.97       11.915642
      1278.55       12.596421
      1279.14       13.375746
      1279.72       12.870859
      1280.30       12.415007
      1280.89       12.900484
      1281.47       13.193133
      1282.05       13.562675
      1282.64       12.216558
      1283.22       11.912871
      1283.81       11.532479
      1284.39       12.510568
      1284.97       13.148694
      1285.56       13.208387
      1286.14       12.648172
      1286.72       12.032196
      1287.31       12.200937
      1287.89       11.949380
      1288.47       12.276112
      1289.06       12.738595
      1289.64       13.079179
      1290.22       13.702561
      1290.81       12.016327
      1291.39       10.807072
      1291.97       10.331977
      1292.56       11.580400
      1293.14       12.308210
      1293.72       12.499548
      1294.31       11.833464
      1294.89       11.826973
      1295.47       12.629140
      1296.06       12.934485
      1296.64       13.641733
      1297.23       14.227339
      1297.81       13.773719
      1298.39       12.608756
      1298.98       12.644762
      1299.56       13.875748
      1300.14       13.823949
      1300.73       12.814785
      1301.31       12.994963
      1301.89       14.751928
      1302.48       14.530953
      1303.06       13.942170
      1303.64       13.654582
      1304.23       14.850798
      1304.81       14.672881
      1305.39       13.794904
      1305.98       12.942233
      1306.56       13.826502
      1307.14       13.963116
      1307.73       14.013508
      1308.31       13.608502
      1308.89       12.066122
      1309.48       11.072598
      1310.06       11.540972
      1310.64       12.488843
      1311.23       12.920478
      1311.81       12.558655
      1312.39       12.645472
      1312.98       12.275302
      1313.56       12.458522
      1314.15       12.559401
      1314.73       12.812439
      1315.31       12.867307
      1315.90       13.025012
      1316.48       13.043204
      1317.06       14.274644
      1317.65       13.881432
      1318.23       13.636892
      1318.81       12.348076
      1319.40       11.545883
      1319.98       11.787889
      1320.56       11.725499
      1321.15       11.848572
      1321.73       11.734749
      1322.31       12.275295
      1322.90       13.269228
      1323.48       12.535448
      1324.06       12.677256
      1324.65       12.984861
      1325.23       13.471949
      1325.81       13.211020
      1326.40       12.142119
      1326.98       11.233674
      1327.56       11.244910
      1328.15       11.960330
      1328.73       12.152741
      1329.31       11.840160
      1329.90       11.593424
      1330.48       12.292447
      1331.06       12.369932
      1331.65       13.469617
      1332.23       13.675137
      1332.81       13.402872
      1333.40       12.890716
      1333.98       11.894544
      1334.56       11.114807
      1335.15       11.006735
      1335.73       10.658730
      1336.31       12.666635
      1336.90       12.920220
      1337.48       13.120991
      1338.06       12.605674
      1338.65       11.690495
      1339.23       11.448471
      1339.81       11.101001
      1340.40       11.366743
      1340.98       11.469094
      1341.56       11.678065
      1342.15       11.506200
      1342.73       11.064083
      1343.31       11.184113
      1343.90       11.571491
      1344.48       11.989698
      1345.06       12.128604
      1345.65       12.314688
      1346.23       13.295010
      1346.81       12.263197
      1347.40       12.280769
      1347.98       11.350576
      1348.56       11.669356
      1349.15       12.000963
      1349.73       10.890966
      1350.31       10.624609
      1350.90       10.736851
      1351.48       12.533600
      1352.06       12.061559
      1352.65       10.892480
      1353.23       10.329112
      1353.81       10.222674
      1354.40       10.971546
      1354.98       11.716702
      1355.56       11.894846
      1356.15       11.543240
      1356.73       10.771891
      1357.31       11.149977
      1357.90       12.121738
      1358.48       12.603382
      1359.06       11.897921
      1359.65       11.304559
      1360.23       10.667826
      1360.81       10.559922
      1361.40       10.574891
      1361.98       11.831815
      1362.56       12.267698
      1363.15       12.899007
      1363.73       12.728159
      1364.31       12.370598
      1364.90       10.681800
      1365.48       10.669364
      1366.06       10.170810
      1366.65       10.880445
      1367.23       10.816623
      1367.81       12.019409
      1368.40       11.901622
      1368.98       11.302803
      1369.56       11.957452
      1370.15       11.357209
      1370.73       12.440682
      1371.31       12.517409
      1371.90       14.100337
      1372.48       13.146221
      1373.06       11.177211
      1373.65       10.529136
      1374.23       10.827620
      1374.81       10.989957
      1375.40       11.087175
      1375.98       11.302257
      1376.56       12.944901
      1377.15       12.501203
      1377.73       12.601420
      1378.31       12.516886
      1378.90       12.445663
      1379.48       11.302229
      1380.06       10.696005
      1380.65       11.157309
      1381.23       11.414728
      1381.81       11.003484
      1382.40       10.788538
      1382.98       10.878261
      1383.56       11.470205
      1384.15       11.754490
      1384.73       12.207337
      1385.31       12.307061
      1385.89       11.604105
      1386.48       11.766463
      1387.06       11.429861
      1387.64       12.503322
      1388.23       11.958860
      1388.81       10.811895
      1389.39       10.660948
      1389.98       11.106243
      1390.56       12.634997
      1391.14       11.445623
      1391.73       10.947653
      1392.31       10.632969
      1392.89       11.021457
      1393.48       11.298438
      1394.06       10.838554
      1394.64       11.583015
      1395.23       11.332762
      1395.81       11.471009
      1396.39       10.711191
      1396.98       10.677052
      1397.56       11.729857
      1398.14       12.330198
      1398.73       10.954762
      1399.31       10.194749
      1399.89       10.661290
      1400.48       12.000893
      1401.06       13.337136
      1401.64       13.609196
      1402.23       12.842488
      1402.81       11.389985
      1403.39       10.799248
      1403.97       12.269750
      1404.56       11.158649
      1405.14       10.699784
      1405.72       9.9602587
      1406.31       10.971008
      1406.89       11.535744
      1407.47       11.444790
      1408.06       11.497204
      1408.64       12.112718
      1409.22       11.271834
      1409.81       11.281109
      1410.39       10.700029
      1410.97       12.197879
      1411.56       11.043994
      1412.14       10.519884
      1412.72       9.1549530
      1413.31       10.069384
      1413.89       10.154811
      1414.47       10.854369
      1415.06       10.367463
      1415.64       10.869698
      1416.22       11.164554
      1416.80       11.180640
      1417.39       10.627893
      1417.97       10.466238
      1418.55       10.484925
      1419.14       10.669133
      1419.72       9.7591442
      1420.30       10.150056
      1420.89       9.9446332
      1421.47       10.464820
      1422.05       10.702930
      1422.64       10.644170
      1423.22       11.124927
      1423.80       9.9016289
      1424.39       10.561324
      1424.97       10.145293
      1425.55       10.871492
      1426.14       10.433090
      1426.72       10.395305
      1427.30       10.172678
      1427.88       9.7963887
      1428.47       10.134914
      1429.05       10.411936
      1429.63       10.761401
      1430.22       10.909508
      1430.80       10.304981
      1431.38       11.193209
      1431.97       10.638079
      1432.55       11.789468
      1433.13       11.871950
      1433.72       13.049486
      1434.30       12.317006
      1434.88       11.656774
      1435.47       12.466919
      1436.05       11.569354
      1436.63       11.282522
      1437.21       9.9840531
      1437.80       10.972194
      1438.38       10.995968
      1438.96       11.755635
      1439.55       11.376965
      1440.13       10.889976
      1440.71       10.790636
      1441.30       11.639572
      1441.88       11.701899
      1442.46       11.066679
      1443.05       11.761374
      1443.63       12.064710
      1444.21       11.003362
      1444.80       9.1812663
      1445.38       9.2295625
      1445.96       10.966670
      1446.54       12.053635
      1447.13       12.031889
      1447.71       11.576868
      1448.29       11.240918
      1448.88       10.540076
      1449.46       10.145952
      1450.04       9.3797189
      1450.63       9.4202956
      1451.21       10.191973
      1451.79       10.861480
      1452.38       11.495576
      1452.96       10.644129
      1453.54       10.153386
      1454.12       9.6199358
      1454.71       9.9020520
      1455.29       9.9271383
      1455.87       10.789785
      1456.46       10.431805
      1457.04       11.368855
      1457.62       11.818316
      1458.21       12.250665
      1458.79       11.831096
      1459.37       11.512380
      1459.96       11.426724
      1460.54       10.638370
      1461.12       10.626154
      1461.70       10.391777
      1462.29       10.783744
      1462.87       10.764442
      1463.45       10.809091
      1464.04       10.897737
      1464.62       10.837920
      1465.20       11.288192
      1465.79       12.124830
      1466.37       12.996680
      1466.95       12.607686
      1467.54       13.144513
      1468.12       11.411298
      1468.70       11.230340
      1469.28       10.173769
      1469.87       9.8632090
      1470.45       10.419140
      1471.03       10.769965
      1471.62       11.754162
      1472.20       10.814028
      1472.78       10.400046
      1473.37       9.8680528
      1473.95       9.7960310
      1474.53       9.3981226
      1475.11       10.185098
      1475.70       9.7848263
      1476.28       10.202948
      1476.86       8.8981698
      1477.45       9.6022485
      1478.03       9.2370222
      1478.61       10.621350
      1479.20       9.3309817
      1479.78       10.042197
      1480.36       9.3273755
      1480.94       9.9285211
      1481.53       9.3955701
      1482.11       9.8731890
      1482.69       9.8050535
      1483.28       9.7899422
      1483.86       9.5560915
      1484.44       10.820469
      1485.03       10.492757
      1485.61       10.697267
      1486.19       9.2932160
      1486.77       10.260923
      1487.36       10.618828
      1487.94       11.530060
      1488.52       10.724679
      1489.11       9.7723358
      1489.69       9.0694992
      1490.27       8.9767921
      1490.86       9.2629596
      1491.44       9.7176257
      1492.02       9.8000651
      1492.60       11.185349
      1493.19       11.390708
      1493.77       13.280521
      1494.35       11.950170
      1494.94       11.906773
      1495.52       11.356202
      1496.10       11.284664
      1496.69       12.069230
      1497.27       10.900853
      1497.85       11.937451
      1498.43       11.809188
      1499.02       11.582814
      1499.60       10.683085
      1500.18       10.067801
      1500.77       10.165603
      1501.35       9.9783639
      1501.93       9.7549188
      1502.52       9.5585354
      1503.10       9.4483275
      1503.68       9.2985552
      1504.26       9.5726289
      1504.85       10.432721
      1505.43       10.716072
      1506.01       10.397169
      1506.60       10.212375
      1507.18       9.8931169
      1507.76       11.512934
      1508.34       10.743937
      1508.93       11.957620
      1509.51       10.368414
      1510.09       11.099703
      1510.68       9.7302011
      1511.26       9.2351482
      1511.84       8.7300552
      1512.43       10.042039
      1513.01       9.6656131
      1513.59       11.037212
      1514.17       8.9945362
      1514.76       10.174837
      1515.34       9.2030688
      1515.92       9.3044619
      1516.51       9.1748816
      1517.09       9.1732992
      1517.67       9.5382290
      1518.25       9.5451068
      1518.84       9.9237780
      1519.42       9.5429090
      1520.00       10.450494
      1520.59       10.402044
      1521.17       11.918978
      1521.75       11.252665
      1522.34       10.488474
      1522.92       11.265686
      1523.50       12.208549
      1524.08       11.933963
      1524.67       9.8129805
      1525.25       9.4807421
      1525.83       9.8798759
      1526.42       11.894681
      1527.00       10.872200
      1527.58       11.938466
      1528.16       10.861923
      1528.75       11.493566
      1529.33       9.9858533
      1529.91       9.9567894
      1530.50       9.4086102
      1531.08       9.4963340
      1531.66       9.0319763
      1532.24       9.2966995
      1532.83       10.339436
      1533.41       10.637158
      1533.99       10.276233
      1534.58       9.8709117
      1535.16       9.3026022
      1535.74       10.827556
      1536.32       11.539514
      1536.91       12.325000
      1537.49       10.327492
      1538.07       9.8689738
      1538.66       8.7404861
      1539.24       10.286266
      1539.82       10.510346
      1540.40       12.704122
      1540.99       10.173875
      1541.57       10.899701
      1542.15       9.0029054
      1542.74       10.020200
      1543.32       8.6055219
      1543.90       9.6484730
      1544.48       10.486993
      1545.07       10.925746
      1545.65       9.8667359
      1546.23       9.1749443
      1546.82       9.2170804
      1547.40       10.530229
      1547.98       10.526121
      1548.56       12.574280
      1549.15       12.587287
      1549.73       13.854095
      1550.31       11.403897
      1550.90       10.435798
      1551.48       9.8510689
      1552.06       8.6748841
      1552.64       8.0045551
      1553.23       8.0594550
      1553.81       8.9610236
      1554.39       9.3677765
      1554.98       8.7309200
      1555.56       9.1033823
      1556.14       9.4554960
      1556.72       10.684380
      1557.31       10.496530
      1557.89       9.4384458
      1558.47       9.0493751
      1559.06       9.2784853
      1559.64       10.830853
      1560.22       11.464193
      1560.80       10.192749
      1561.39       10.557737
      1561.97       9.4794258
      1562.55       11.077209
      1563.14       9.9450416
      1563.72       10.674079
      1564.30       10.519376
      1564.88       11.521285
      1565.47       11.220132
      1566.05       10.244475
      1566.63       9.8622362
      1567.22       8.8043928
      1567.80       9.9911188
      1568.38       9.6702423
      1568.96       10.109996
      1569.55       10.978710
      1570.13       11.188604
      1570.71       11.713612
      1571.29       10.810206
      1571.88       10.463774
      1572.46       9.9790809
      1573.04       10.439754
      1573.63       9.8218359
      1574.21       11.920372
      1574.79       10.045435
      1575.37       10.799088
      1575.96       7.8306887
      1576.54       7.6247617
      1577.12       7.8328665
      1577.71       10.524494
      1578.29       10.219344
      1578.87       9.4482421
      1579.45       8.8868477
      1580.04       9.1339167
      1580.62       8.9902244
      1581.20       7.5690327
      1581.78       8.5403950
      1582.37       8.3468173
      1582.95       10.109175
      1583.53       9.4009512
      1584.12       9.9233249
      1584.70       9.5868489
      1585.28       9.6007277
      1585.86       12.732836
      1586.45       11.601284
      1587.03       11.515271
      1587.61       8.5010592
      1588.19       9.1304509
      1588.78       9.1699855
      1589.36       9.7274967
      1589.94       9.2876576
      1590.53       8.4839459
      1591.11       7.4147595
      1591.69       7.9785741
      1592.27       8.9320743
      1592.86       10.110858
      1593.44       9.4193803
      1594.02       8.8090695
      1594.61       8.5393285
      1595.19       9.5159278
      1595.77       8.6178659
      1596.35       10.114248
      1596.94       8.0403349
      1597.52       8.0886189
      1598.10       6.6540751
      1598.68       7.5771637
      1599.27       9.0759255
      1599.85       8.2235249
      1600.43       9.0056397
      1601.02       9.5060425
      1601.60       12.162880
      1602.18       9.2989388
      1602.76       7.3257966
      1603.35       6.4789473
      1603.93       7.1712172
      1604.51       6.2580689
      1605.09       6.2297410
      1605.68       6.9803143
      1606.26       9.6570533
      1606.84       9.9144926
      1607.42       9.6135167
      1608.01       9.3022756
      1608.59       12.052068
      1609.17       14.393144
      1609.76       13.559192
      1610.34       11.952226
      1610.92       9.4627463
      1611.50       8.3687474
      1612.09       8.1802022
      1612.67       8.6091751
      1613.25       10.352030
      1613.83       9.6762173
      1614.42       9.3122597
      1615.00       8.5146717
      1615.58       9.5981933
      1616.17       9.5075396
      1616.75       10.208493
      1617.33       8.7469163
      1617.91       10.243599
      1618.50       9.0539870
      1619.08       9.4199665
      1619.66       8.3078214
      1620.24       8.5914077
      1620.83       8.9532678
      1621.41       8.9361042
      1621.99       10.039321
      1622.57       9.1668331
      1623.16       10.960498
      1623.74       11.024844
      1624.32       12.955823
      1624.91       11.010158
      1625.49       9.2418284
      1626.07       8.3063188
      1626.65       8.7322008
      1627.24       8.7952577
      1627.82       7.4073326
      1628.40       6.1954166
      1628.98       6.3106777
      1629.57       7.2459053
      1630.15       8.9397988
      1630.73       8.3342709
      1631.31       8.8442357
      1631.90       7.1094368
      1632.48       7.4107020
      1633.06       6.9718799
      1633.65       8.9696133
      1634.23       10.448396
      1634.81       11.701670
      1635.39       10.877885
      1635.98       9.9281148
      1636.56       9.0314433
      1637.14       8.2510994
      1637.72       7.3403919
      1638.31       6.4043696
      1638.89       8.1842759
      1639.47       8.1548359
      1640.05       10.635105
      1640.64       9.1334404
      1641.22       9.7543781
      1641.80       8.9776544
      1642.38       7.0847030
      1642.97       7.4899209
      1643.55       8.8737058
      1644.13       10.413401
      1644.71       10.395031
      1645.30       8.6742850
      1645.88       8.4201547
      1646.46       8.3782042
      1647.05       9.0160312
      1647.63       10.232950
      1648.21       10.590287
      1648.79       10.073532
      1649.38       10.529502
      1649.96       7.2297353
      1650.54       9.4430159
      1651.12       7.9316653
      1651.71       11.620403
      1652.29       8.8565689
      1652.87       10.854314
      1653.45       10.638402
      1654.04       11.285862
      1654.62       9.7275714
      1655.20       9.3508861
      1655.78       8.7457396
      1656.37       8.6045901
      1656.95       8.2509601
      1657.53       9.1803793
      1658.11       7.7247941
      1658.70       6.6536312
      1659.28       6.9872508
      1659.86       9.0204574
      1660.45       11.782800
      1661.03       9.1263855
      1661.61       7.7238380
      1662.19       5.8915018
      1662.78       5.5012994
      1663.36       6.0019345
      1663.94       8.0776001
      1664.52       10.908940
      1665.11       13.197012
      1665.69       14.635110
      1666.27       12.311738
      1666.85       9.2947865
      1667.44       9.1067705
      1668.02       9.0606474
      1668.60       8.1038892
      1669.18       6.6757637
      1669.77       8.1818587
      1670.35       11.101605
      1670.93       13.100358
      1671.51       13.221646
      1672.10       12.098097
      1672.68       11.598754
      1673.26       9.6954128
      1673.84       9.6915702
      1674.43       8.0029007
      1675.01       6.4545116
      1675.59       6.4174188
      1676.17       7.3200391
      1676.76       8.8517641
      1677.34       8.1845717
      1677.92       8.0111068
      1678.04       6.9573248
      1679.59       7.5904162
      1681.13       7.3278204
      1682.68       8.0147058
      1684.22       9.4550307
      1685.76       9.5436428
      1687.31       11.629313
      1688.85       13.017053
      1690.40       10.407166
      1691.94       11.703772
      1693.49       12.697659
      1695.03       21.489478
      1696.58       18.108039
      1698.12       11.905385
      1699.66       8.6146272
      1701.21       6.8538587
      1702.75       6.6504111
      1704.30       9.8677142
      1705.84       9.5624246
      1707.39       7.4891662
      1708.93       5.9296117
      1710.47       5.9061478
      1712.02       7.4128707
      1713.56       8.6797002
      1715.11       11.889687
      1716.65       12.325530
      1718.20       8.8793102
      1719.74       8.2002021
      1721.29       7.5834457
      1722.83       6.5374210
      1724.38       5.5029429
      1725.92       4.4398198
      1727.46       6.3976368
      1729.01       6.6026235
      1730.55       8.7551570
      1732.10       9.0344958
      1733.64       8.2254322
      1735.19       6.4224137
      1736.73       5.0182424
      1738.28       5.5740439
      1739.82       6.2574028
      1741.37       6.9796255
      1742.91       7.4492958
      1744.46       8.5020249
      1746.00       8.2727296
      1747.54       9.6468636
      1749.09       9.2743049
      1750.63       9.2722703
      1752.18       6.9295264
      1753.72       7.0700568
      1755.27       6.2400828
      1756.81       6.6991367
      1758.36       7.4399867
      1759.90       7.9697593
      1761.45       7.0169960
      1762.99       7.1750289
      1764.54       7.6580071
      1766.08       8.1060523
      1767.63       6.4107863
      1769.17       7.2583528
      1770.72       7.2449339
      1772.26       8.7894401
      1773.81       7.4919168
      1775.35       9.3809240
      1776.89       8.3977006
      1778.44       9.7674071
      1779.98       8.9582408
      1781.53       9.8817953
      1783.07       8.7997959
      1784.62       7.2138895
      1786.16       7.4984287
      1787.71       7.5572124
      1789.25       10.231947
      1790.80       8.2581943
      1792.34       7.5089718
      1793.89       6.1475816
      1795.43       6.1400194
      1796.98       6.7516398
      1798.52       6.5720052
      1800.07       8.2041157
      1801.61       8.0575650
      1803.16       8.0314807
      1804.70       6.5817539
      1806.25       7.0720511
      1807.79       8.3269784
      1809.34       8.6085311
      1810.88       8.0980366
      1812.43       7.0166760
      1813.97       7.8789080
      1815.52       8.3997203
      1817.06       9.0765120
      1818.61       8.5411755
      1820.15       8.8814630
      1821.70       8.3382890
      1823.24       7.7857701
      1824.79       7.7096938
      1826.33       6.8260999
      1827.88       7.2511841
      1829.42       6.8273461
      1830.97       8.1094028
      1832.51       6.9134881
      1834.06       5.4682447
      1835.61       4.8156261
      1837.15       6.5451951
      1838.70       7.8541930
      1840.24       8.5333138
      1841.79       7.2028795
      1843.33       6.5664502
      1844.88       6.7962758
      1846.42       7.9266407
      1847.97       9.4277547
      1849.51       7.8845987
      1851.06       8.0355832
      1852.60       6.4237297
      1854.15       6.7012842
      1855.69       7.2493927
      1857.24       7.4591092
      1858.78       6.8582670
      1860.33       6.4296753
      1861.87       8.1529380
      1863.42       9.6960310
      1864.97       7.5295958
      1866.51       6.7205163
      1868.06       5.7881952
      1869.60       6.8250753
      1871.15       7.0065798
      1872.69       7.1439132
      1874.24       7.4500668
      1875.78       6.5640383
      1877.33       7.4764418
      1878.87       6.2305010
      1880.42       7.7110989
      1881.96       6.5568883
      1883.51       6.1908056
      1885.06       4.8807623
      1886.60       5.6141856
      1888.15       6.7223587
      1889.69       7.6936207
      1891.24       7.3757175
      1892.78       6.9276355
      1894.33       6.6987112
      1895.87       5.3300535
      1897.42       6.6214868
      1898.97       6.8551880
      1900.51       8.4830218
      1902.06       7.5314760
      1903.60       7.4224754
      1905.15       7.0343525
      1906.69       6.7677972
      1908.24       7.8677252
      1909.78       9.7327785
      1911.33       10.874378
      1912.88       9.5579761
      1914.42       7.9011454
      1915.97       7.5306022
      1917.51       6.9809038
      1919.06       7.4154633
      1920.60       7.5300899
      1922.15       8.5585216
      1923.70       7.4490005
      1925.24       7.4489310
      1926.79       7.1671870
      1928.33       8.4931788
      1929.88       7.4528838
      1931.42       7.0060166
      1932.97       5.4504740
      1934.52       6.6562529
      1936.06       7.3920644
      1937.61       8.7687957
      1939.15       7.6999751
      1940.70       7.2808439
      1942.24       8.8982267
      1943.79       9.6225894
      1945.34       8.2006050
      1946.88       6.6788086
      1948.43       6.1498241
      1949.97       7.1252470
      1951.52       8.6703962
      1953.07       9.8786171
      1954.61       10.596708
      1956.16       10.086581
      1957.70       9.6708244
      1959.25       7.9934219
      1960.80       7.7873345
      1962.34       6.9961536
      1963.89       7.2484538
      1965.43       6.4308983
      1966.98       7.7692762
      1968.52       8.4368569
      1970.07       8.5736451
      1971.62       8.0002294
      1973.16       8.6370780
      1974.71       8.6758041
      1976.25       9.8160149
      1977.80       7.7114777
      1979.35       8.5201313
      1980.89       7.4743087
      1982.44       7.9563699
      1983.98       7.4482148
      1985.53       7.2618741
      1987.08       7.2632418
      1988.62       7.2588746
      1990.17       6.7113659
      1991.72       6.7103243
      1993.26       7.2553311
      1994.81       8.9913881
      1996.35       9.9994247
      1997.90       9.4265742
      1999.45       9.0844458
      2000.99       8.3774862
      2002.54       7.0597701
      2004.08       6.7098724
      2005.63       6.7852543
      2007.18       7.6977525
      2008.72       7.6938355
      2010.27       7.1246733
      2011.82       7.6198045
      2013.36       7.1496053
      2014.91       8.5410335
      2016.45       8.1457693
      2018.00       7.6494646
      2019.55       5.8928443
      2021.09       6.0169487
      2022.64       8.2607078
      2024.19       10.360807
      2025.73       9.7329054
      2027.28       7.1897264
      2028.82       6.0158685
      2030.37       5.9635211
      2031.92       6.3280630
      2033.46       7.2990842
      2035.01       7.1832415
      2036.56       8.5111600
      2038.10       9.5221934
      2039.65       9.8600252
      2041.20       9.8540762
      2042.74       7.8148919
      2044.29       7.7196023
      2045.83       6.1159404
      2047.38       6.7445593
      2048.93       6.8779436
      2050.47       7.4266092
      2052.02       8.5679605
      2053.57       9.1999879
      2055.11       9.7965513
      2056.66       8.0077378
      2058.21       7.4754227
      2059.75       7.3994948
      2061.30       7.5771626
      2062.85       8.1096194
      2064.39       7.9179379
      2065.94       7.3539710
      2067.49       6.2780844
      2069.03       6.3171874
      2070.58       6.9604098
      2072.12       7.4359910
      2073.67       7.6422933
      2075.22       7.8126864
      2076.76       8.0731331
      2078.31       6.9170876
      2079.86       6.5585021
      2081.40       6.2402442
      2082.95       6.9580769
      2084.50       8.3585106
      2086.04       8.0814346
      2087.59       7.8470142
      2089.14       5.8857634
      2090.68       6.7549128
      2092.23       7.8010409
      2093.78       7.9045178
      2095.32       7.8805400
      2096.87       6.5862047
      2098.42       6.4538404
      2099.96       5.8235455
      2101.51       7.3143511
      2103.06       9.1138905
      2104.60       9.2928163
      2106.15       7.8825669
      2107.70       6.7812336
      2109.25       6.8229445
      2110.79       7.4305684
      2112.34       7.5929059
      2113.89       7.3568079
      2115.43       6.7248532
      2116.98       5.5252264
      2118.53       5.6978851
      2120.07       5.7841042
      2121.62       8.3563179
      2123.17       8.3621853
      2124.71       8.5102334
      2126.26       7.2826489
      2127.81       7.1766437
      2129.35       7.5938891
      2130.90       7.5072287
      2132.45       7.9679539
      2133.99       7.2780165
      2135.54       8.0131288
      2137.09       7.9123949
      2138.64       8.2958979
      2140.18       8.4097534
      2141.73       6.5307864
      2143.28       6.9216095
      2144.82       6.7890666
      2146.37       6.8169185
      2147.92       7.2481686
      2149.46       6.4781501
      2151.01       7.7442355
      2152.56       6.8617080
      2154.11       7.5597878
      2155.65       7.9073078
      2157.20       7.0498003
      2158.75       6.3556042
      2160.29       6.5412750
      2161.84       7.4287198
      2163.39       7.3218178
      2164.94       6.7095022
      2166.48       6.7321477
      2168.03       6.8060105
      2169.58       7.9150555
      2171.12       7.7552052
      2172.67       7.7107172
      2174.22       6.2999546
      2175.77       6.5414289
      2177.31       6.9992739
      2178.86       7.1810772
      2180.41       6.7051477
      2181.95       6.7972303
      2183.50       7.2385236
      2185.05       6.9496244
      2186.60       7.2645570
      2188.14       7.2554255
      2189.69       6.9279666
      2191.24       7.0612116
      2192.79       7.2599526
      2194.33       6.9537963
      2195.88       7.5888026
      2197.43       6.0591472
      2198.97       5.7632196
      2200.52       4.3117391
      2202.07       4.7044764
      2203.62       4.9275105
      2205.16       4.9042419
      2206.71       5.1330737
      2208.26       5.6041350
      2209.81       5.9725397
      2211.35       6.0498223
      2212.90       6.4007335
      2214.45       6.8435884
      2216.00       6.8990903
      2217.54       6.6397909
      2219.09       6.7382720
      2220.64       6.2614923
      2222.19       6.2758202
      2223.73       5.8505932
      2225.28       5.8696485
      2226.83       6.4103160
      2228.38       6.4105067
      2229.92       6.3319176
      2231.47       5.7947876
      2233.02       5.8654626
      2234.56       6.3605708
      2236.11       6.6926941
      2237.66       6.5707444
      2239.21       6.3811473
      2240.76       6.2304707
      2242.30       6.4871656
      2243.85       6.4997819
      2245.40       5.7480858
      2246.95       5.9516299
      2248.49       5.9738358
      2250.04       6.7600549
      2251.59       6.9100755
      2253.14       8.3628620
      2254.68       7.3553219
      2256.23       6.2323888
      2257.78       4.8712026
      2259.33       5.8952054
      2260.87       6.6942356
      2262.42       7.3628669
      2263.97       7.5644614
      2265.52       7.2609104
      2267.07       7.0454474
      2268.61       6.0786783
      2270.16       6.0886979
      2271.71       6.6706458
      2273.26       7.1576203
      2274.80       6.1586355
      2276.35       5.2708483
      2277.90       4.6391311
      2279.45       5.5638053
      2280.99       6.2706951
      2282.54       6.5956480
      2284.09       6.9477332
      2285.64       6.6754824
      2287.19       8.1053233
      2288.73       7.3805249
      2290.28       8.1971769
      2291.83       6.6371738
      2293.38       6.2346656
      2294.93       5.4243179
      2296.47       5.9756046
      2298.02       6.0027338
      2299.57       7.2806236
      2301.12       6.3515299
      2302.67       6.9693636
      2304.21       5.6200076
      2305.76       5.6444399
      2307.31       4.6854991
      2308.86       5.1309816
      2310.40       6.0764275
      2311.95       7.0537383
      2313.50       6.6378105
      2315.05       5.8723855
      2316.60       5.4762869
      2318.14       5.3386927
      2319.69       6.2217455
      2321.24       6.8092041
      2322.79       7.3365608
      2324.34       6.4682058
      2325.89       7.3661332
      2327.43       7.2235266
      2328.98       7.0528946
      2330.53       6.4412269
      2332.08       6.7189103
      2333.63       7.7816542
      2335.17       7.8101098
      2336.72       6.9890175
      2338.27       5.8642642
      2339.82       5.8793804
      2341.37       6.0533347
      2342.91       7.3957543
      2344.46       6.6281028
      2346.01       6.4040016
      2347.56       5.9612844
      2349.11       6.1260263
      2350.66       5.8874975
      2352.20       5.5120901
      2353.75       5.4698330
      2355.30       6.0151294
      2356.85       5.9594779
      2358.40       5.3931916
      2359.94       5.5704233
      2361.49       5.5845776
      2363.04       6.1508100
      2364.59       6.1166568
      2366.14       6.3178337
      2367.69       6.6445606
      2369.23       6.2329500
      2370.78       6.5690979
      2372.33       6.2765125
      2373.88       7.0305531
      2375.43       7.0775133
      2376.98       7.5492232
      2378.52       7.0167252
      2380.07       6.9282032
      2381.62       7.3407367
      2383.17       6.7373443
      2384.72       6.9095480
      2386.27       6.3890984
      2387.81       6.7082239
      2389.36       6.0904066
      2390.91       6.4808689
      2392.46       5.5318098
      2394.01       5.7752363
      2395.56       4.7069320
      2397.11       5.3603808
      2398.65       5.0066102
      2400.20       4.2537145
      2401.75       4.3016100
      2403.30       4.3810786
      2404.85       5.3227623
      2406.40       4.7250477
      2407.95       5.5023782
      2409.49       4.5745474
      2411.04       4.7906186
      2412.59       4.5087203
      2414.14       5.2230899
      2415.69       5.7784615
      2417.24       5.1828500
      2418.79       5.1258563
      2420.33       4.6699858
      2421.88       5.1914932
      2423.43       6.0327599
      2424.98       6.6990007
      2426.53       7.0733339
      2428.08       8.0529527
      2429.63       8.4786861
      2431.17       7.7451148
      2432.72       5.2585828
      2434.27       5.2836166
      2435.82       5.0319039
      2437.37       5.5884342
      2438.92       5.4669701
      2440.47       6.2835958
      2442.02       6.4073957
      2443.56       5.5406926
      2445.11       5.1887129
      2446.66       4.7130196
      2448.21       5.5297498
      2449.76       5.6563959
      2451.31       6.1278640
      2452.86       5.9041731
      2454.41       4.5763680
      2455.95       4.6838288
      2457.50       4.3084698
      2459.05       5.5970697
      2460.60       5.9186615
      2462.15       5.8282584
      2463.70       6.0245851
      2465.25       5.2753503
      2466.80       6.1228117
      2468.35       5.1858972
      2469.89       5.4114928
      2471.44       4.3536043
      2472.99       4.3019773
      2474.54       4.5447998
      2476.09       5.6453074
      2477.64       6.4290179
      2479.19       6.6390808
      2480.74       6.2904806
      2482.29       5.9231127
      2483.83       5.3305876
      2485.38       4.9790573
      2486.93       5.7430223
      2488.48       5.2517212
      2490.03       4.9537263
      2491.58       3.8234274
      2493.13       3.8079629
      2494.68       4.4856594
      2496.23       4.8735624
      2497.78       4.8885088
      2499.33       4.5114986
      2500.87       4.5360358
      2502.42       4.9356714
      2503.97       5.2223790
      2505.52       5.4228421
      2507.07       5.2703208
      2508.62       4.3364509
      2510.17       4.0705119
      2511.72       4.0135783
      2513.27       4.4666386
      2514.82       4.9756209
      2516.37       5.1517247
      2517.92       6.0243070
      2519.46       5.3624910
      2521.01       5.3398434
      2522.56       4.9030671
      2524.11       4.8767717
      2525.66       5.2759560
      2527.21       4.1357558
      2528.76       4.0928437
      2530.31       3.3562705
      2531.86       4.2405815
      2533.41       4.8641393
      2534.96       5.5015315
      2536.51       5.1306474
      2538.06       4.6095400
      2539.60       4.5509990
      2541.15       5.0859638
      2542.70       5.0607115
      2544.25       4.5776203
      2545.80       4.1839639
      2547.35       3.9948184
      2548.90       4.2148823
      2550.45       4.4796124
      2552.00       5.5701448
      2553.55       5.1610758
      2555.10       4.1832234
      2556.65       4.3512173
      2558.20       4.0711129
      2559.75       4.4589371
      2561.30       4.5342501
      2562.85       5.5723966
      2564.40       6.3969897
      2565.94       5.4994613
      2567.49       4.5539099
      2569.04       4.8735000
      2570.59       5.1278288
      2572.14       5.8818906
      2573.69       5.4370628
      2575.24       5.8770965
      2576.79       5.7367553
      2578.34       5.3142009
      2579.89       4.4593267
      2581.44       4.0660225
      2582.99       4.5762652
      2584.54       4.8710739
      2586.09       6.8705933
      2587.64       6.9524457
      2589.19       8.2074185
      2590.74       6.0683901
      2592.29       6.1174227
      2593.84       5.1476049
      2595.39       5.6460768
      2596.94       5.2453717
      2598.49       5.9733116
      2600.04       6.3912923
      2601.58       6.6427804
      2603.13       6.3499979
      2604.68       5.8036828
      2606.23       5.5644459
      2607.78       4.7797189
      2609.33       5.0263496
      2610.88       5.5511047
      2612.43       5.9606997
      2613.98       5.7512544
      2615.53       5.8304868
      2617.08       6.1293381
      2618.63       5.9280635
      2620.18       4.9543678
      2621.73       4.8590408
      2623.28       4.5268565
      2624.83       4.6467218
      2626.38       4.0910811
      2627.93       4.4057732
      2629.48       4.2172829
      2631.03       3.9125498
      2632.58       3.8838201
      2634.13       4.3988381
      2635.68       5.0327538
      2637.23       5.1162741
      2638.78       4.9373157
      2640.33       5.2000925
      2641.88       4.2028458
      2643.43       3.6593158
      2644.98       3.3389096
      2646.53       3.7734887
      2648.08       4.8695444
      2649.63       4.5337907
      2651.18       4.0189826
      2652.73       3.1297521
      2654.28       2.9660849
      2655.83       3.7130043
      2657.38       3.9940966
      2658.93       4.4046106
      2660.48       3.9586511
      2662.03       4.3314440
      2663.58       4.1776882
      2665.13       4.1824458
      2666.68       3.9659047
      2668.23       4.7239235
      2669.78       5.6686733
      2671.33       5.3787356
      2672.88       4.7244501
      2674.43       4.5838499
      2675.98       5.0806190
      2677.53       4.8974880
      2679.08       4.3015683
      2680.63       4.2578642
      2682.18       3.7620395
      2683.73       4.2880650
      2685.28       3.4504586
      2686.83       4.2045529
      2688.38       4.6228991
      2689.93       4.6849826
      2691.48       4.2657209
      2693.03       3.2604858
      2694.58       3.3396133
      2696.13       3.1593200
      2697.68       3.6589106
      2699.23       4.2319564
      2700.78       4.7959171
      2702.33       4.6247362
      2703.88       4.2174033
      2705.43       3.5955600
      2706.99       3.1169975
      2708.54       3.3188353
      2710.09       3.7934709
      2711.64       4.7964365
      2713.19       3.9842053
      2714.74       4.0935134
      2716.29       3.5833232
      2717.84       4.2379578
      2719.39       4.6581925
      2720.94       4.9933023
      2722.49       4.5921038
      2724.04       4.5381931
      2725.59       4.4576172
      2727.14       3.9781381
      2728.69       3.4767527
      2730.24       3.5617314
      2731.79       3.9341979
      2733.34       3.3338883
      2734.89       3.1600422
      2736.44       3.8545464
      2737.99       4.2039156
      2739.54       4.5394849
      2741.09       4.7565224
      2742.64       4.9078509
      2744.20       4.3639024
      2745.75       3.2690582
      2747.30       3.5904118
      2748.85       3.8028094
      2750.40       4.5694062
      2751.95       4.0251019
      2753.50       3.5476321
      2755.05       4.2100252
      2756.60       4.8813954
      2758.15       4.1502264
      2759.70       3.7538451
      2761.25       3.2096232
      2762.80       3.2644169
      2764.35       3.2914461
      2765.90       3.3943308
      2767.45       3.8397322
      2769.00       3.4797899
      2770.56       3.8770817
      2772.11       3.8400825
      2773.66       3.8314963
      2775.21       3.6385647
      2776.76       4.7055044
      2778.31       4.2682856
      2779.86       3.6538238
      2781.41       2.9663755
      2782.96       3.6804574
      2784.51       4.3554039
      2786.06       5.1096276
      2787.61       5.6536544
      2789.16       6.4913262
      2790.72       5.5937206
      2792.27       5.5656128
      2793.82       5.6838877
      2795.37       6.4948690
      2796.92       6.1398426
      2798.47       5.5909037
      2800.02       5.2313887
      2801.57       6.1528228
      2803.12       6.0889743
      2804.67       6.6209611
      2806.22       4.6920898
      2807.77       4.4049036
      2809.33       4.6611265
      2810.88       5.0724795
      2812.43       4.9894064
      2813.98       4.1224569
      2815.53       4.4779633
      2817.08       4.8205182
      2818.63       5.4463251
      2820.18       4.7677500
      2821.73       4.8568771
      2823.28       4.4562843
      2824.83       3.9389601
      2826.39       2.8156449
      2827.94       2.7255589
      2829.49       3.1099450
      2831.04       4.3126987
      2832.59       4.9310682
      2834.14       4.6250798
      2835.69       3.2574108
      2837.24       2.7261523
      2838.79       3.1579386
      2840.35       3.7258875
      2841.90       3.1080788
      2843.45       3.7496743
      2845.00       4.1293860
      2846.55       4.5008964
      2848.10       4.5248349
      2849.65       5.7565092
      2851.20       7.1971134
      2852.75       5.8580274
      2854.31       3.5778327
      2855.86       3.0212898
      2857.41       3.0007900
      2858.96       2.8261469
      2860.51       1.9300492
      2862.06       2.0503366
      2863.61       3.2405646
      2865.16       3.5404377
      2866.72       4.3910319
      2868.27       3.8868095
      2869.82       4.7896179
      2871.37       3.3479895
      2872.92       3.2658007
      2874.47       2.9152789
      2876.02       4.3106743
      2877.57       4.3571407
      2879.13       3.3056291
      2880.68       2.8180141
      2882.23       3.1315873
      2883.78       4.4737616
      2885.33       4.0242233
      2886.88       4.3443907
      2888.43       3.7533219
      2889.99       4.4897728
      2891.54       3.8215790
      2893.09       4.6419366
      2894.64       3.6872528
      2896.19       4.1767358
      2897.74       4.0147433
      2899.29       5.2145314
      2900.85       4.4982571
      2902.40       4.8878816
      2903.95       3.6838739
      2905.50       3.8903019
      2907.05       3.8178722
      2908.60       3.6915853
      2910.15       4.1519843
      2911.71       4.0474505
      2913.26       5.0915667
      2914.81       3.8402312
      2916.36       3.7525099
      2917.91       2.8325494
      2919.46       3.2992555
      2921.02       4.0390380
      2922.57       4.2353288
      2924.12       4.0866292
      2925.67       3.0258817
      2927.22       3.4342296
      2928.77       3.8261706
      2930.32       3.8645827
      2931.88       4.1443452
      2933.43       3.7450768
      2934.98       3.4379318
      2936.53       2.8364380
      2938.08       3.4669395
      2939.63       3.9316329
      2941.19       4.0706963
      2942.74       4.1967294
      2944.29       3.6881992
      2945.84       3.8701564
      2947.39       2.7594481
      2948.94       3.4331599
      2950.50       3.9749229
      2952.05       2.9742636
      2953.60       2.8172576
      2955.15       2.0372243
      2956.70       2.8942124
      2958.26       3.9388052
      2959.81       3.5451441
      2961.36       4.1365321
      2962.91       2.9183064
      2964.46       3.4076159
      2966.01       3.3419795
      2967.57       4.0314917
      2969.12       6.1233028
      2970.67       6.8487797
      2972.22       5.0026804
      2973.77       3.8745052
      2975.33       4.8566382
      2976.88       5.9292473
      2978.43       4.6026671
      2979.98       3.4272109
      2981.53       3.3540898
      2983.09       5.2150145
      2984.64       4.3293871
      2986.19       4.5610605
      2987.74       4.3909208
      2989.29       4.0862435
      2990.85       2.5602387
      2992.40       3.6348178
      2993.95       4.6215154
      2995.50       5.5848438
      2997.05       3.4617990
      2998.61       4.3509055
      3000.16       4.0707890
      3001.71       3.1873441
      3003.26       2.7225466
      3004.81       3.3293054
      3006.37       3.4779904
      3007.92       3.8622102
      3009.47       3.0028798
      3011.02       3.1531027
      3012.57       2.3344139
      3014.13       2.8547168
      3015.68       2.5017844
      3017.23       2.5321985
      3018.78       2.0348957
      3020.33       3.2558172
      3021.89       4.1473582
      3023.44       6.3005497
      3024.99       5.3234100
      3026.54       3.4837141
      3028.10       2.4340044
      3029.65       2.1426969
      3031.20       4.0206633
      3032.75       3.5450954
      3034.30       3.7706127
      3035.86       2.7050058
      3037.41       3.5452365
      3038.96       4.0599645
      3040.51       3.9786930
      3042.07       3.8403547
      3043.62       2.4117064
      3045.17       2.1819891
      3046.72       3.2134071
      3048.27       5.8987982
      3049.83       7.6456263
      3051.38       5.3742287
      3052.93       3.6366686
      3054.48       1.6130716
      3056.04       1.1782087
      3057.59       1.8281698
      3059.14       4.0450364
      3060.69       6.0376166
      3062.25       3.6381213
      3063.80       2.5255734
      3065.35       3.2486183
      3066.90       3.5079573
      3068.46       4.1327503
      3070.01       2.5293545
      3071.56       5.1735392
      3073.11       5.1971973
      3074.67       5.6918352
      3076.22       4.1627455
      3077.77       2.6130432
      3079.32       2.5194498
      3080.88       2.2625759
      3082.43       3.3350823
      3083.98       1.7330143
      3085.53       1.7027207
      3087.09       1.3449525
      3088.64       2.2584209
      3090.19       2.4504956
      3091.74       3.7516798
      3093.30       3.0118873
      3094.85       2.9009526
      3096.40       1.0349590
      3097.95      0.70535519
      3099.51       1.5844981
      3101.06       5.5107026
      3102.61       7.8284380
      3104.16       6.5415469
      3105.72       3.5929627
      3107.27       4.4251921
      3108.82       4.7280949
      3110.38       4.3108471
      3111.93       2.6969488
      3113.48       4.2880328
      3115.03       3.0445474
      3116.59       4.3041072
      3118.14       3.1183236
      3119.69       5.4225811
      3121.24       6.6595045
      3122.80       7.5933828
      3124.35       4.5727890
      3125.90       2.5329907
      3127.46       1.1602709
      3129.01       2.2206224
      3130.56       4.4895375
      3132.11       3.7043672
      3133.67       4.8698639
      3135.22       2.1873761
      3136.77       2.7184407
      3138.33      0.68089345
      3139.88       2.2952546
      3141.43       2.0314582
      3142.98       2.3994822
      3144.54     -0.26125034
      3146.09      0.38645430
      3147.64       4.6471852
