#MR12-10
#LAMBDA K(LAMBDA-55)
      1140.44            -NaN
      1141.02      0.52480969
      1141.61      0.27365508
      1142.19       2.5282654
      1142.77            -NaN
      1143.36            -NaN
      1143.94            -NaN
      1144.53            -NaN
      1145.11            -NaN
      1145.70            -NaN
      1146.28       9.0352856
      1146.86            -NaN
      1147.45       6.9418461
      1148.03            -NaN
      1148.62       7.2019488
      1149.20            -NaN
      1149.78       6.1899565
      1150.37       8.7985981
      1150.95       8.3481410
      1151.54            -NaN
      1152.12            -NaN
      1152.71            -NaN
      1153.29            -NaN
      1153.87            -NaN
      1154.46            -NaN
      1155.04            -NaN
      1155.63            -NaN
      1156.21            -NaN
      1156.79            -NaN
      1157.38            -NaN
      1157.96            -NaN
      1158.55            -NaN
      1159.13            -NaN
      1159.71            -NaN
      1160.30       13.453883
      1160.88       13.271678
      1161.47       14.032276
      1162.05            -NaN
      1162.64       19.014639
      1163.22       17.492379
      1163.80       13.287696
      1164.39       18.118843
      1164.97            -NaN
      1165.56       19.722554
      1166.14       20.369146
      1166.72       11.346466
      1167.31       10.453111
      1167.89       8.5899060
      1168.48       7.6613066
      1169.06       8.4718215
      1169.65       11.550488
      1170.23            -NaN
      1170.81            -NaN
      1171.40       21.663279
      1171.98       15.866566
      1172.57       13.464794
      1173.15       22.310763
      1173.73       21.211040
      1174.32       15.183168
      1174.90       12.711824
      1175.49       13.011779
      1176.07       13.805360
      1176.65       8.2286128
      1177.24       6.5818350
      1177.82       7.5677106
      1178.41       12.140024
      1178.99       12.177793
      1179.58       10.174592
      1180.16       8.6573291
      1180.74       8.0467574
      1181.33       6.5302304
      1181.91       6.7206328
      1182.50       8.4597765
      1183.08       6.7294395
      1183.66       6.9939121
      1184.25       7.0386628
      1184.83       7.5754464
      1185.42       6.1974900
      1186.00       6.2282026
      1186.58       10.650605
      1187.17       7.3652606
      1187.75       7.6004676
      1188.34       5.8162644
      1188.92       9.5787741
      1189.50       6.2304184
      1190.09       6.0522766
      1190.67       4.8730134
      1191.26       3.7601070
      1191.84       9.3197206
      1192.43            -NaN
      1193.01            -NaN
      1193.59            -NaN
      1194.18       4.7639437
      1194.76      0.83592102
      1195.35      0.22527095
      1195.93       3.6684724
      1196.51       8.0274246
      1197.10            -NaN
      1197.68            -NaN
      1198.27            -NaN
      1198.85            -NaN
      1199.43            -NaN
      1200.02      -2.3580815
      1200.60      -3.4761366
      1201.19      -5.2966962
      1201.77      -2.1679434
      1202.36      0.55587840
      1202.94      0.31441856
      1203.52       2.0449312
      1204.11      -1.9043135
      1204.69      -6.3204057
      1205.28      -7.2365020
      1205.86      -5.7510017
      1206.44       3.1752257
      1207.03      -2.2354362
      1207.61      0.93344757
      1208.20      -5.9658794
      1208.78      -5.7411397
      1209.36      -7.9797321
      1209.95     -0.54302503
      1210.53            -NaN
      1211.12      -12.925952
      1211.70      -17.282844
      1212.28      -21.904840
      1212.87      -25.985107
      1213.45      -31.201986
      1214.04      -35.668967
      1214.62      -38.231059
      1215.21      -39.336787
      1215.79      -42.251676
      1216.37      -41.197526
      1216.96      -45.507268
      1217.54            -NaN
      1218.13      -79.260652
      1218.71      -93.016354
      1219.29      -106.09657
      1219.88      -110.39159
      1220.46      -114.37683
      1221.05      -121.16169
      1221.63      -122.97365
      1222.21      -141.68351
      1222.80      -148.14729
      1223.38      -134.82990
      1223.97      -112.29024
      1224.55            -NaN
      1225.13            -NaN
      1225.72            -NaN
      1226.30            -NaN
      1226.89            -NaN
      1227.47            -NaN
      1228.06            -NaN
      1228.64            -NaN
      1229.22            -NaN
      1229.81      -42.379889
      1230.39            -NaN
      1230.98            -NaN
      1231.56            -NaN
      1232.14            -NaN
      1232.73            -NaN
      1233.31      -14.686693
      1233.90      -17.811192
      1234.48      -15.216785
      1235.06      -15.015393
      1235.65      -3.6647278
      1236.23            -NaN
      1236.82            -NaN
      1237.40            -NaN
      1237.98       7.5175463
      1238.57            -NaN
      1239.15            -NaN
      1239.74            -NaN
      1240.32            -NaN
      1240.90            -NaN
      1241.49            -NaN
      1242.07       11.296848
      1242.66       8.9163032
      1243.24       9.0929416
      1243.83            -NaN
      1244.41       25.176295
      1244.99       21.263211
      1245.58       10.315831
      1246.16       10.200450
      1246.75       8.7481547
      1247.33       7.1542626
      1247.91       8.4284631
      1248.50       9.0774104
      1249.08       9.8707394
      1249.67       8.4286867
      1250.25       9.6458858
      1250.83       11.277186
      1251.42       12.662830
      1252.00       9.5939752
      1252.59       11.015365
      1253.17       10.590285
      1253.75       10.822844
      1254.34       10.891013
      1254.92       10.449210
      1255.51       10.483709
      1256.09       9.2721038
      1256.67       8.9227644
      1257.26       8.5547630
      1257.84       8.4406273
      1258.43       9.1708025
      1259.01       9.8476132
      1259.59       11.355998
      1260.18       12.177061
      1260.76       11.179731
      1261.35       9.5410336
      1261.93       8.5297207
      1262.52       8.0977241
      1263.10       9.5221216
      1263.68       10.839243
      1264.27       12.946975
      1264.85       11.293312
      1265.44       10.227159
      1266.02       9.1956046
      1266.60       8.2307290
      1267.19       7.7836501
      1267.77       6.8239857
      1268.36       7.8016912
      1268.94       7.8476134
      1269.52       7.6364389
      1270.11       7.8331017
      1270.69       7.7334000
      1271.28       6.7794928
      1271.86       4.2091971
      1272.44       4.8643393
      1273.03       7.2592891
      1273.61       9.7760706
      1274.20       10.762122
      1274.78       13.075976
      1275.36       11.505809
      1275.95       11.274456
      1276.53       9.1348028
      1277.12       10.655198
      1277.70       9.6721714
      1278.28       9.2895181
      1278.87       8.1125946
      1279.45       8.1023825
      1280.04       8.9110724
      1280.62       8.6936199
      1281.20       8.1132169
      1281.79       7.8979276
      1282.37       7.3835509
      1282.96       7.7125125
      1283.54       7.7222733
      1284.12       7.3614385
      1284.71       6.8340941
      1285.29       7.4041447
      1285.88       7.6271925
      1286.46       8.2544470
      1287.05       7.7606123
      1287.63       7.8621021
      1288.21       8.5699549
      1288.80       8.5945368
      1289.38       10.676407
      1289.97       9.8441206
      1290.55       9.7931430
      1291.13       8.6788398
      1291.72       7.8868546
      1292.30       8.1163486
      1292.89       8.2349478
      1293.47       8.7704496
      1294.05       9.2425503
      1294.64       9.1656289
      1295.22       8.5225254
      1295.81       9.6287476
      1296.39       10.355352
      1296.97       9.2129056
      1297.56       7.9041215
      1298.14       7.3754983
      1298.73       8.2677182
      1299.31       8.7495718
      1299.89       8.2325999
      1300.48       7.8256276
      1301.06       6.7657565
      1301.65       7.3393313
      1302.23       7.0142933
      1302.81       8.0985147
      1303.40       7.3773227
      1303.98       7.4095095
      1304.57       7.0827946
      1305.15       7.4505061
      1305.73       7.0677311
      1306.32       7.3291808
      1306.90       6.7879092
      1307.49       7.8786929
      1308.07       7.1620039
      1308.65       7.0294713
      1309.24       6.5204176
      1309.82       7.0822330
      1310.41       7.7533168
      1310.99       6.8777378
      1311.57       6.1882486
      1312.16       5.2480497
      1312.74       5.2991847
      1313.33       5.6138959
      1313.91       6.8432488
      1314.49       7.8147669
      1315.08       8.9009778
      1315.66       9.5742815
      1316.25       8.5244163
      1316.83       7.6927348
      1317.41       7.9037487
      1318.00       9.7079530
      1318.58       9.1561813
      1319.17       9.9817880
      1319.75       11.139650
      1320.33       10.507173
      1320.92       9.6521431
      1321.50       8.6213142
      1322.09       8.5015749
      1322.67       8.5219248
      1323.25       8.8339793
      1323.84       9.6736756
      1324.42       10.196034
      1325.01       9.8035919
      1325.59       8.4229489
      1326.17       8.2127475
      1326.76       7.9647920
      1327.34       7.3976259
      1327.93       6.8813855
      1328.51       6.5534554
      1329.09       7.9110226
      1329.68       8.4348192
      1330.26       8.2302205
      1330.85       7.2071497
      1331.43       7.0892892
      1332.01       7.4177257
      1332.60       7.3159699
      1333.18       6.7887060
      1333.77       7.3673717
      1334.35       7.7921895
      1334.93       8.2120981
      1335.52       6.8591842
      1336.10       6.9667450
      1336.69       6.0658075
      1337.27       6.3271696
      1337.85       6.3517936
      1338.44       6.2526996
      1339.02       7.5655453
      1339.61       7.3499769
      1340.19       9.2668192
      1340.77       8.8949249
      1341.36       10.379870
      1341.94       8.2499884
      1342.53       6.6984993
      1343.11       5.6500154
      1343.69       6.2362551
      1344.28       7.5673944
      1344.86       7.7997632
      1345.45       8.3915863
      1346.03       8.2845465
      1346.61       8.1537322
      1347.20       7.4150253
      1347.78       7.4820831
      1348.37       8.4294935
      1348.95       8.8779628
      1349.53       8.9250778
      1350.12       8.0929285
      1350.70       8.1185652
      1351.29       7.3135527
      1351.87       6.8762776
      1352.45       5.8767689
      1353.04       5.9910937
      1353.62       5.8952158
      1354.21       6.8437028
      1354.79       6.9352828
      1355.37       8.2348830
      1355.96       8.0770832
      1356.54       8.8347357
      1357.13       7.0242064
      1357.71       7.0162642
      1358.29       6.5239350
      1358.88       7.0840300
      1359.46       7.3303969
      1360.05       6.3269106
      1360.63       6.6730698
      1361.21       6.5363493
      1361.80       7.9226996
      1362.38       8.2443660
      1362.97       8.4158801
      1363.55       7.4383255
      1364.13       8.2739919
      1364.72       6.6976734
      1365.30       6.9546972
      1365.89       5.4147089
      1366.47       6.0573098
      1367.05       5.6943650
      1367.64       7.0810286
      1368.22       6.7907867
      1368.81       8.3536160
      1369.39       7.9335182
      1369.97       9.6962139
      1370.56       8.1516525
      1371.14       7.7803363
      1371.73       8.1880974
      1372.31       8.0932732
      1372.89       8.6140707
      1373.48       8.0177905
      1374.06       7.2596338
      1374.65       7.3421820
      1375.23       6.2918734
      1375.81       7.7748444
      1376.40       7.7442009
      1376.98       8.0516743
      1377.57       6.8730949
      1378.15       6.4343890
      1378.73       6.9794829
      1379.32       6.9570996
      1379.90       6.5079375
      1380.49       5.6322480
      1381.07       4.6973332
      1381.65       5.2224196
      1382.24       5.4202059
      1382.82       6.1948739
      1383.41       6.6967155
      1383.99       7.3478648
      1384.57       7.3792783
      1385.16       5.7296052
      1385.74       6.1492401
      1386.33       6.1950039
      1386.91       7.1868280
      1387.49       6.4996081
      1388.08       7.0492256
      1388.66       5.8691566
      1389.24       6.1583517
      1389.83       6.0527917
      1390.41       7.6934089
      1391.00       6.8433379
      1391.58       7.0935008
      1392.16       6.8897285
      1392.75       7.3122684
      1393.33       6.3395776
      1393.92       6.4099371
      1394.50       6.5212030
      1395.08       6.6558532
      1395.67       5.9621766
      1396.25       5.6372444
      1396.84       6.2116792
      1397.42       7.5857245
      1398.00       7.8374795
      1398.59       7.6258412
      1399.17       5.8190426
      1399.76       5.7113887
      1400.34       5.4302958
      1400.92       5.6774479
      1401.51       5.7571501
      1402.09       6.1007647
      1402.68       6.7676518
      1403.26       6.7405473
      1403.84       6.2155185
      1404.43       6.3218661
      1405.01       5.9732560
      1405.60       6.2401984
      1406.18       5.8007370
      1406.76       6.4330322
      1407.35       7.0338375
      1407.93       7.2837519
      1408.52       7.0559778
      1409.10       6.7680610
      1409.68       6.3525886
      1410.27       6.4665100
      1410.85       6.1136047
      1411.44       6.9552459
      1412.02       7.3202066
      1412.60       8.8470841
      1413.19       8.1868817
      1413.77       7.5638622
      1414.35       5.5987559
      1414.94       5.3325465
      1415.52       5.1623449
      1416.11       5.6801669
      1416.69       6.3623792
      1417.27       6.4768608
      1417.86       7.3838586
      1418.44       7.9418048
      1419.03       8.4973649
      1419.61       7.5052055
      1420.19       6.2292946
      1420.78       5.6427000
      1421.36       5.4413092
      1421.95       6.0050868
      1422.53       5.9956492
      1423.11       6.7203095
      1423.70       6.5555340
      1424.28       7.6959416
      1424.87       7.2649736
      1425.45       6.9663891
      1426.03       6.5402294
      1426.62       6.9850915
      1427.20       6.8032306
      1427.79       6.7298555
      1428.37       7.0735975
      1428.95       7.8683992
      1429.54       7.2680556
      1430.12       6.3973248
      1430.71       5.3839105
      1431.29       5.3381463
      1431.87       5.7222517
      1432.46       6.1602599
      1433.04       6.4953260
      1433.62       6.2140361
      1434.21       5.9857433
      1434.79       5.9063462
      1435.38       7.0682251
      1435.96       6.8201881
      1436.54       5.8865105
      1437.13       4.2709553
      1437.71       4.8264031
      1438.30       6.5636488
      1438.88       8.3824030
      1439.46       8.3752813
      1440.05       8.0343539
      1440.63       6.5392359
      1441.22       6.2608759
      1441.80       6.2670365
      1442.38       7.4620536
      1442.97       6.7372380
      1443.55       5.5537120
      1444.14       5.5443967
      1444.72       6.0022061
      1445.30       5.5298267
      1445.89       5.1166084
      1446.47       5.7938657
      1447.06       6.4443339
      1447.64       6.3318491
      1448.22       5.7409957
      1448.81       6.1285848
      1449.39       6.5209959
      1449.97       6.9296715
      1450.56       6.7102120
      1451.14       7.0235513
      1451.73       6.9652568
      1452.31       7.2967331
      1452.89       8.1050455
      1453.48       7.0301978
      1454.06       6.7447464
      1454.65       6.1781377
      1455.23       7.0777670
      1455.81       7.2185192
      1456.40       6.2426639
      1456.98       5.4976515
      1457.57       5.1969933
      1458.15       4.4801733
      1458.73       4.3348690
      1459.32       4.7753536
      1459.90       5.6766433
      1460.48       6.0408832
      1461.07       6.7850488
      1461.65       8.7912044
      1462.24       10.371991
      1462.82       8.5473127
      1463.40       6.3278604
      1463.99       6.4032150
      1464.57       6.1422290
      1465.16       5.8416449
      1465.74       5.9424970
      1466.32       6.1954145
      1466.91       7.4969864
      1467.49       7.1994074
      1468.08       6.6456012
      1468.66       6.2909825
      1469.24       5.7858877
      1469.83       5.9481193
      1470.41       5.2892296
      1471.00       5.6302937
      1471.58       5.6716104
      1472.16       6.6259142
      1472.75       5.9087600
      1473.33       5.5604734
      1473.91       5.4794456
      1474.50       6.3618685
      1475.08       6.3479312
      1475.67       7.2081392
      1476.25       6.4917486
      1476.83       7.0761477
      1477.42       5.6081587
      1478.00       5.5708351
      1478.59       5.9067068
      1479.17       6.5789154
      1479.75       6.6060323
      1480.34       6.6388483
      1480.92       6.4374832
      1481.51       5.9045414
      1482.09       5.7751447
      1482.67       6.4896724
      1483.26       7.0003895
      1483.84       6.0442566
      1484.42       5.4679811
      1485.01       5.8651765
      1485.59       5.6549024
      1486.18       5.4292801
      1486.76       6.1817171
      1487.34       7.2795893
      1487.93       6.1377350
      1488.51       5.8393501
      1489.10       5.4748716
      1489.68       7.1524779
      1490.26       5.7876897
      1490.85       6.4098795
      1491.43       5.8490599
      1492.02       6.7822247
      1492.60       7.3951404
      1493.18       6.5658530
      1493.77       6.5881230
      1494.35       5.9839802
      1494.93       7.3640537
      1495.52       7.7758586
      1496.10       6.6158010
      1496.69       6.6734500
      1497.27       7.1464705
      1497.85       7.4892915
      1498.44       4.9439073
      1499.02       4.1885485
      1499.61       4.4168249
      1500.19       6.1061491
      1500.77       5.5817637
      1501.36       5.5534737
      1501.94       5.2483689
      1502.53       4.6359543
      1503.11       3.9439227
      1503.69       4.3669143
      1504.28       4.8025655
      1504.86       5.2785860
      1505.44       3.9646641
      1506.03       4.6636168
      1506.61       4.8293442
      1507.20       4.7686247
      1507.78       4.0842845
      1508.36       4.1665625
      1508.95       5.5524162
      1509.53       5.0133725
      1510.12       4.1340447
      1510.70       4.2888370
      1511.28       5.6326899
      1511.87       6.6645118
      1512.45       4.5758060
      1513.04       3.6566048
      1513.62       3.8107559
      1514.20       5.5310026
      1514.79       6.4314738
      1515.37       5.5762063
      1515.95       5.3319599
      1516.54       5.3140557
      1517.12       5.1804477
      1517.71       4.3424234
      1518.29       4.1087596
      1518.87       3.4986280
      1519.46       4.2330826
      1520.04       4.3501956
      1520.63       5.9273639
      1521.21       5.6732575
      1521.79       5.7622298
      1522.38       5.9809002
      1522.96       6.3282497
      1523.54       7.0300434
      1524.13       5.7053800
      1524.71       5.5841611
      1525.30       5.3650169
      1525.88       5.0716092
      1526.46       4.9457638
      1527.05       4.9526305
      1527.63       6.0762269
      1528.22       5.1476663
      1528.80       5.0960406
      1529.38       4.8023739
      1529.97       5.3888664
      1530.55       5.6406186
      1531.14       5.4197431
      1531.72       5.1488502
      1532.30       5.1658463
      1532.89       5.3488312
      1533.47       5.4911898
      1534.05       4.0684237
      1534.64       3.5845705
      1535.22       2.2193774
      1535.81       3.2964093
      1536.39       3.5811989
      1536.97       5.8725447
      1537.56       5.6595209
      1538.14       5.1140518
      1538.73       4.5617999
      1539.31       5.0284306
      1539.89       6.3237248
      1540.48       7.3196165
      1541.06       7.6401321
      1541.64       7.8371973
      1542.23       5.9898080
      1542.81       6.3502836
      1543.40       4.4460210
      1543.98       5.1277376
      1544.56       4.0360287
      1545.15       4.7019549
      1545.73       3.4838188
      1546.32       4.0712030
      1546.90       4.3086429
      1547.48       5.0262189
      1548.07       4.8878025
      1548.65       5.4429728
      1549.23       4.6063538
      1549.82       4.0432493
      1550.40       4.0108867
      1550.99       4.2190470
      1551.57       5.2546576
      1552.15       4.9999894
      1552.74       4.9711189
      1553.32       4.1652115
      1553.91       4.1069645
      1554.49       4.1287804
      1555.07       3.7958936
      1555.66       3.7094363
      1556.24       5.0446589
      1556.82       5.6104875
      1557.41       6.0627221
      1557.99       4.8518151
      1558.58       5.1929886
      1559.16       5.6017686
      1559.74       6.3826341
      1560.33       7.0243210
      1560.91       5.6735687
      1561.49       6.0158243
      1562.08       5.3260998
      1562.66       5.7656351
      1563.25       4.8951006
      1563.83       5.7750123
      1564.41       7.0576356
      1565.00       7.9074146
      1565.58       6.0581958
      1566.17       4.4837752
      1566.75       3.6742539
      1567.33       4.0413429
      1567.92       5.4369554
      1568.50       5.9584297
      1569.08       5.0070111
      1569.67       3.7629984
      1570.25       3.0032887
      1570.84       4.2863810
      1571.42       5.0490918
      1572.00       5.8372464
      1572.59       3.8344251
      1573.17       4.5746259
      1573.76       5.7376831
      1574.34       5.6566599
      1574.92       3.2434146
      1575.51       2.9105410
      1576.09       4.0258723
      1576.67       5.4302455
      1577.26       4.6163289
      1577.84       5.7907383
      1578.43       4.9010109
      1579.01       6.5260179
      1579.59       5.1657798
      1580.18       5.6447799
      1580.76       5.3216196
      1581.35       4.1643006
      1581.93       4.2443067
      1582.51       4.4349335
      1583.10       5.0072532
      1583.68       5.3554443
      1584.26       4.0823638
      1584.85       3.8941190
      1585.43       4.0844344
      1586.02       4.8136756
      1586.60       7.0813729
      1587.18       7.9669785
      1587.77       7.3909386
      1588.35       6.2756203
      1588.93       4.8611978
      1589.52       4.2780260
      1590.10       3.6980337
      1590.69       3.2768400
      1591.27       3.3198316
      1591.85       2.7007158
      1592.44       3.2557136
      1593.02       3.3413156
      1593.61       3.8222918
      1594.19       4.2666320
      1594.77       4.2107439
      1595.36       5.1501292
      1595.94       4.2819800
      1596.52       4.2804955
      1597.11       4.3759606
      1597.69       5.4140816
      1598.28       7.0838330
      1598.86       7.2852920
      1599.44       6.5232917
      1600.03       5.8688840
      1600.61       3.7922159
      1601.19       5.2191816
      1601.78       5.4243425
      1602.36       11.498089
      1602.95       5.4584804
      1603.53       4.8347417
      1604.11       2.7127481
      1604.70       3.5482104
      1605.28       3.9466819
      1605.87       4.8552068
      1606.45       6.2940443
      1607.03       6.2208857
      1607.62       6.9833545
      1608.20       4.7553308
      1608.78       3.9235947
      1609.37       3.6397768
      1609.95       4.4285278
      1610.54       4.5971455
      1611.12       4.1565559
      1611.70       4.0134071
      1612.29       4.2330449
      1612.87       3.3869998
      1613.45       2.8152308
      1614.04       3.3920775
      1614.62       5.6609809
      1615.21       9.2974113
      1615.79       6.4620773
      1616.37       5.8880157
      1616.96       3.3988551
      1617.54       4.8797539
      1618.13       5.5514344
      1618.71       7.4444124
      1619.29       7.4182125
      1619.88       6.2012364
      1620.46       8.0763609
      1621.04       4.8986089
      1621.63       5.1901925
      1622.21       4.8606532
      1622.80       5.1141460
      1623.38       5.2577325
      1623.96       5.9613232
      1624.55       7.7978237
      1625.13       7.6801537
      1625.71       6.6500534
      1626.30       7.5829307
      1626.88       6.0601285
      1627.47       4.7871577
      1628.05       3.8505987
      1628.63       5.3822279
      1629.22       7.7413686
      1629.80       10.120550
      1630.38       6.5669624
      1630.97       2.7510398
      1631.55       2.7999940
      1632.14       3.1544958
      1632.72       8.3404379
      1633.30       7.2655944
      1633.89       9.9232846
      1634.47       6.3309808
      1635.05       3.9763418
      1635.64       3.0209656
      1636.22       3.1875553
      1636.81       4.3259004
      1637.39       5.1178539
      1637.97       5.5225531
      1638.56       6.0377845
      1639.14       7.1358209
      1639.73       6.4522989
      1640.31       5.5472295
      1640.89       4.8889936
      1641.48       3.4367239
      1642.06       3.8959897
      1642.64       3.4763541
      1643.23       5.4662392
      1643.81       5.4023753
      1644.40       6.0927686
      1644.98       5.3060039
      1645.56       5.1678155
      1646.15       4.4375303
      1646.73       4.4267618
      1647.31       3.3716497
      1647.90       4.2274069
      1648.48       5.8651637
      1649.07       7.4086757
      1649.65       5.7060577
      1650.23       5.8717983
      1650.82       6.2322875
      1651.40       7.5786664
      1651.98       5.1459552
      1652.57       3.9751599
      1653.15       4.4801582
      1653.74       3.2051909
      1654.32       3.9899654
      1654.90       2.7950686
      1655.49       3.2097427
      1656.07       4.5764593
      1656.65       6.5438141
      1657.24       9.7971992
      1657.82       7.1932808
      1658.41       6.0844897
      1658.99       5.8437370
      1659.57       5.1729239
      1660.16       3.6791088
      1660.74       3.3608675
      1661.32       3.4338947
      1661.91       3.6922885
      1662.49       5.3046114
      1663.08       5.8663201
      1663.66       9.2965858
      1664.24       4.2154272
      1664.83       3.7358223
      1665.41       3.1714545
      1665.99       3.2053454
      1666.58       4.8300909
      1667.16       5.8323771
      1667.75       11.468661
      1668.33       7.6869107
      1668.91       6.7426459
      1669.50       6.8802223
      1670.08       9.7185132
      1670.66       11.876126
      1671.25       8.0591782
      1671.83       5.0535401
      1672.42       2.7696896
      1673.00       2.6765951
      1673.58       3.2910221
      1674.17       4.5515324
      1674.75       4.1306169
      1675.33       3.0725976
      1675.92       4.6025705
      1676.50       6.8950112
      1677.09       9.4814710
      1677.67       3.9389945
      1679.01       2.5975311
      1680.55       3.1269866
      1682.10       6.1418994
      1683.64       2.9316624
      1685.19       1.6484130
      1686.73      0.41053206
      1688.27       1.6661927
      1689.82       2.4381926
      1691.36       6.2133204
      1692.91       7.9614090
      1694.45            -NaN
      1696.00            -NaN
      1697.54       21.996133
      1699.09       3.2708153
      1700.63       3.2412700
      1702.17       3.7512312
      1703.72       16.288945
      1705.26       10.554834
      1706.81            -NaN
      1708.35            -NaN
      1709.90            -NaN
      1711.44       7.0229459
      1712.98       7.3253560
      1714.53       4.4736620
      1716.07       9.2131745
      1717.62       8.0871337
      1719.16            -NaN
      1720.71       8.6331618
      1722.25       3.5909663
      1723.80       3.1640600
      1725.34       4.5761308
      1726.89            -NaN
      1728.43       13.304442
      1729.97       6.6322804
      1731.52       5.1193080
      1733.06       3.1925111
      1734.61       5.7854384
      1736.15       4.1340013
      1737.70       7.2836614
      1739.24       6.7421921
      1740.79       8.8328495
      1742.33       11.760448
      1743.88       7.0945376
      1745.42       5.9273945
      1746.97       5.4519177
      1748.51       6.0793646
      1750.05       5.4122716
      1751.60       3.7578344
      1753.14       5.8231507
      1754.69       20.325678
      1756.23            -NaN
      1757.78            -NaN
      1759.32            -NaN
      1760.87       11.989219
      1762.41            -NaN
      1763.96       10.301445
      1765.50       10.361235
      1767.05       13.889013
      1768.59            -NaN
      1770.14       7.4907225
      1771.68       7.8944085
      1773.23       3.1983339
      1774.77       7.9682613
      1776.32       3.6754405
      1777.86       4.3596444
      1779.41       5.4141469
      1780.95            -NaN
      1782.49            -NaN
      1784.04       13.750801
      1785.58       12.815736
      1787.13       12.728547
      1788.67            -NaN
      1790.22       8.6179316
      1791.76       8.6822480
      1793.31       6.2200212
      1794.85       18.808262
      1796.40       7.6222794
      1797.94       9.7099671
      1799.49       7.2671936
      1801.03       6.6011688
      1802.58       3.5909148
      1804.12       3.4817473
      1805.67       5.2088420
      1807.21       5.3461008
      1808.76       6.0460639
      1810.30       6.9317998
      1811.85       7.0085338
      1813.39       7.9220880
      1814.94       9.4761575
      1816.48       10.549407
      1818.03       7.0998313
      1819.57       4.0692900
      1821.12       5.7764399
      1822.66       8.4411357
      1824.21       8.1086702
      1825.75       12.803544
      1827.30       9.2581029
      1828.84       16.702605
      1830.39       7.0828497
      1831.94       5.7800672
      1833.48       9.6538153
      1835.03       7.1057912
      1836.57       11.248684
      1838.12       4.5906174
      1839.66       8.1775587
      1841.21       7.3217518
      1842.75       13.841305
      1844.30       6.5681824
      1845.84       4.8043301
      1847.39       4.0865812
      1848.93       4.9139136
      1850.48       6.2383904
      1852.02       7.0681503
      1853.57       7.2304312
      1855.11       6.4951306
      1856.66       9.6634833
      1858.20       7.6494640
      1859.75       7.8446093
      1861.29       5.2765741
      1862.84       5.2045997
      1864.39       6.0303104
      1865.93       6.3855445
      1867.48       8.3814088
      1869.02       8.3013772
      1870.57       7.7379754
      1872.11       11.852237
      1873.66       14.508759
      1875.20       12.291467
      1876.75       8.5636515
      1878.29       7.1657576
      1879.84       7.0588104
      1881.38       6.4960456
      1882.93       7.3598717
      1884.48       13.805665
      1886.02       7.0050747
      1887.57       6.4578537
      1889.11       4.8467312
      1890.66       5.9651857
      1892.20       5.5271716
      1893.75       6.5270823
      1895.29       5.0521917
      1896.84       4.8316655
      1898.39       3.8562237
      1899.93       6.3368805
      1901.48       5.3396470
      1903.02       6.7346801
      1904.57       8.1014113
      1906.11       11.896064
      1907.66       10.574511
      1909.20       8.6408717
      1910.75       5.2797159
      1912.30       5.7437627
      1913.84       5.5644157
      1915.39       10.069082
      1916.93       6.8728307
      1918.48       8.7345432
      1920.02       6.6078970
      1921.57       11.479423
      1923.12       11.682418
      1924.66       9.4291104
      1926.21       9.2605264
      1927.75       5.3648223
      1929.30       4.9355751
      1930.84       5.0626690
      1932.39       5.7170752
      1933.94       7.9290408
      1935.48       5.8786450
      1937.03       8.4666998
      1938.57       10.278557
      1940.12            -NaN
      1941.66       14.232581
      1943.21       16.231454
      1944.76       6.0291458
      1946.30       5.4367479
      1947.85       2.7674342
      1949.39       4.5532682
      1950.94       4.4165270
      1952.48       5.7151639
      1954.03       5.0996499
      1955.58       7.5313973
      1957.12       8.7627524
      1958.67       8.6761443
      1960.21       7.5846316
      1961.76       8.2782728
      1963.31       9.5296329
      1964.85       12.542120
      1966.40       8.8899129
      1967.94       9.3941904
      1969.49       6.2984591
      1971.04       11.149998
      1972.58       7.4587108
      1974.13       7.4850008
      1975.67       5.2612154
      1977.22       8.3126133
      1978.77       11.182818
      1980.31       11.191236
      1981.86       7.1453000
      1983.40       7.0617491
      1984.95       10.405164
      1986.50       12.082980
      1988.04       14.310940
      1989.59       7.5840228
      1991.13       8.1083916
      1992.68       5.0380541
      1994.23       7.3492342
      1995.77       8.0298769
      1997.32       9.0119444
      1998.86       7.6379974
      2000.41       4.9366852
      2001.96       6.4570888
      2003.50       6.2076001
      2005.05       7.5751241
      2006.60       6.0567873
      2008.14       6.3639129
      2009.69       9.8411938
      2011.23       10.825730
      2012.78       9.4263535
      2014.33       5.3498886
      2015.87       5.4674376
      2017.42       5.5036026
      2018.97       8.8653974
      2020.51       7.7605433
      2022.06       7.0755910
      2023.60       5.8247280
      2025.15       6.4307425
      2026.70       6.8389537
      2028.24       6.0470145
      2029.79       6.2519535
      2031.34       7.0792688
      2032.88       7.4693589
      2034.43       9.5193160
      2035.97       7.0048155
      2037.52       6.0219823
      2039.07       5.5876887
      2040.61       7.6409124
      2042.16       9.8981942
      2043.71       8.1018230
      2045.25       6.2260440
      2046.80       8.1334927
      2048.35       7.7880211
      2049.89       7.8697398
      2051.44       7.3245786
      2052.99       9.4965747
      2054.53       13.858377
      2056.08       11.022543
      2057.62       16.007284
      2059.17       15.585021
      2060.72       14.433520
      2062.26       7.8139864
      2063.81       8.0796378
      2065.36       11.098022
      2066.90       7.7259472
      2068.45       6.6962366
      2070.00       4.7132999
      2071.54       5.3825899
      2073.09       5.1871638
      2074.64       5.7464278
      2076.18       7.1465230
      2077.73       6.7840849
      2079.28       6.0273984
      2080.82       6.5746750
      2082.37       9.3054117
      2083.92       10.853741
      2085.46       12.495135
      2087.01       8.3262056
      2088.56       7.7797164
      2090.10       6.6156389
      2091.65       9.7766587
      2093.20       9.1419591
      2094.74       9.4725118
      2096.29       7.9009695
      2097.84       7.5818300
      2099.38       9.0364959
      2100.93       7.3083471
      2102.48       8.5186715
      2104.02       8.3659234
      2105.57       7.6872453
      2107.12       6.2495526
      2108.66       5.8078184
      2110.21       7.0811835
      2111.76       7.2300574
      2113.30       5.6926224
      2114.85       5.4382495
      2116.40       5.1379649
      2117.94       5.9107925
      2119.49       6.4132209
      2121.04       6.7068227
      2122.58       5.6728676
      2124.13       3.0333937
      2125.68       3.7828128
      2127.23       4.5296381
      2128.77       6.2643678
      2130.32       4.9792784
      2131.87       5.4069568
      2133.41       6.4535201
      2134.96       7.1366717
      2136.51       7.5733489
      2138.05       10.721849
      2139.60       14.190490
      2141.15       18.238546
      2142.69       9.4192008
      2144.24       7.5639844
      2145.79       6.8450006
      2147.34       8.4737340
      2148.88       10.255310
      2150.43       8.8518472
      2151.98       6.3667958
      2153.52       7.1150723
      2155.07       8.6160599
      2156.62       10.043576
      2158.17       8.2856442
      2159.71       6.0054759
      2161.26       6.4079461
      2162.81       7.6598385
      2164.35       10.122151
      2165.90       9.5458148
      2167.45       6.7226717
      2168.99       8.0482026
      2170.54       7.5793028
      2172.09       8.9175322
      2173.64       6.5119403
      2175.18       7.6069707
      2176.73       7.3809130
      2178.28       7.6286369
      2179.82       6.2769237
      2181.37       7.4716887
      2182.92       7.2162870
      2184.47       7.8217975
      2186.01       6.7743851
      2187.56       6.7979358
      2189.11       8.0857132
      2190.66       7.0580818
      2192.20       6.9811182
      2193.75       5.5329330
      2195.30       5.8663938
      2196.84       5.0255230
      2198.39       5.2678702
      2199.94       5.2745059
      2201.49       5.3954500
      2203.03       5.5074531
      2204.58       6.1460740
      2206.13       5.5724233
      2207.68       5.6888541
      2209.22       4.0395084
      2210.77       4.0470045
      2212.32       4.6084612
      2213.87       6.5888429
      2215.41       7.9381523
      2216.96       8.2693610
      2218.51       6.5326597
      2220.06       6.8529300
      2221.60       5.7829858
      2223.15       6.1687193
      2224.70       6.2877839
      2226.24       5.3698843
      2227.79       5.5193248
      2229.34       5.5820551
      2230.89       5.6634758
      2232.43       7.2228848
      2233.98       6.8418669
      2235.53       8.3860125
      2237.08       6.2866816
      2238.62       6.3500246
      2240.17       5.7563281
      2241.72       5.8747929
      2243.27       5.2546351
      2244.82       5.3081808
      2246.36       4.5608652
      2247.91       5.1345293
      2249.46       4.9048862
      2251.01       6.3686912
      2252.55       7.1582154
      2254.10       9.0959815
      2255.65       8.8337025
      2257.20       11.113738
      2258.74       7.8084599
      2260.29       6.4781352
      2261.84       4.9081691
      2263.39       5.7494293
      2264.93       7.8228226
      2266.48       6.4888054
      2268.03       6.9664564
      2269.58       5.7168014
      2271.13       7.1696887
      2272.67       6.5351752
      2274.22       5.3379299
      2275.77       4.6554500
      2277.32       4.4062766
      2278.86       3.7150463
      2280.41       3.4234102
      2281.96       4.0399508
      2283.51       4.5273720
      2285.06       4.3652283
      2286.60       4.1132344
      2288.15       5.3163854
      2289.70       7.9111102
      2291.25       6.1740034
      2292.79       5.9038894
      2294.34       4.8759545
      2295.89       6.9296315
      2297.44       6.0859981
      2298.99       7.7688005
      2300.53       6.6303861
      2302.08       9.1589052
      2303.63       6.9204331
      2305.18       6.2007576
      2306.73       4.3823292
      2308.27       5.7766526
      2309.82       7.5861088
      2311.37       7.3113728
      2312.92       5.5865797
      2314.47       4.4346131
      2316.01       5.7556646
      2317.56       5.4725556
      2319.11       5.9429869
      2320.66       5.3844310
      2322.21       5.1011766
      2323.75       4.0982848
      2325.30       3.3227379
      2326.85       3.5043929
      2328.40       4.2732889
      2329.95       5.7893366
      2331.49       6.9303444
      2333.04       7.8146887
      2334.59       9.8888658
      2336.14       8.4023976
      2337.69       7.4641400
      2339.23       4.7688592
      2340.78       4.5774101
      2342.33       4.8819159
      2343.88       6.1923435
      2345.43       8.0346191
      2346.98       6.8266795
      2348.52       6.6039379
      2350.07       5.3271301
      2351.62       5.9146882
      2353.17       4.6761310
      2354.72       4.6426062
      2356.26       4.1368752
      2357.81       5.0776263
      2359.36       4.7328860
      2360.91       4.8193118
      2362.46       4.6128042
      2364.01       5.2723313
      2365.55       5.2118028
      2367.10       5.0935827
      2368.65       4.0858479
      2370.20       3.2994949
      2371.75       3.6247223
      2373.30       3.2792384
      2374.84       4.1072891
      2376.39       4.5598333
      2377.94       5.7035963
      2379.49       5.6606644
      2381.04       5.1113378
      2382.59       5.5949646
      2384.13       5.6186629
      2385.68       7.3402587
      2387.23       6.4921108
      2388.78       8.6718308
      2390.33       7.1568643
      2391.88       6.5321985
      2393.42       5.8793043
      2394.97       5.4610521
      2396.52       6.0651086
      2398.07       5.1998778
      2399.62       4.4558404
      2401.17       3.2724324
      2402.72       3.4683416
      2404.26       4.4051517
      2405.81       6.0559010
      2407.36       5.4211003
      2408.91       5.5639939
      2410.46       4.9683684
      2412.01       4.8932834
      2413.56       3.5734962
      2415.10       4.9225644
      2416.65       5.1349268
      2418.20       5.7915854
      2419.75       3.6242935
      2421.30       3.3546142
      2422.85       3.2636003
      2424.40       3.6930380
      2425.94       3.9266316
      2427.49       4.2180580
      2429.04       5.5320213
      2430.59       5.9652837
      2432.14       4.3544081
      2433.69       4.4134184
      2435.24       5.3663560
      2436.78       6.9116501
      2438.33       4.9587820
      2439.88       4.2491507
      2441.43       5.4471844
      2442.98       5.5591758
      2444.53       5.1355131
      2446.08       3.5729804
      2447.63       3.5101575
      2449.18       2.3652628
      2450.72       3.0343621
      2452.27       2.6295528
      2453.82       3.1116149
      2455.37       2.8542979
      2456.92       3.9063585
      2458.47       4.9374320
      2460.02       5.2132196
      2461.57       5.1238644
      2463.11       6.5490512
      2464.66       7.4642118
      2466.21       7.8925902
      2467.76       6.2102419
      2469.31       4.5930203
      2470.86       3.7159248
      2472.41       3.3548477
      2473.96       4.5261329
      2475.51       4.3110842
      2477.05       4.8041134
      2478.60       3.3320908
      2480.15       2.7579985
      2481.70       2.8723222
      2483.25       2.0595707
      2484.80       2.8925639
      2486.35       2.0547407
      2487.90       3.2603196
      2489.45       3.0848349
      2491.00       4.5810293
      2492.54       4.6101324
      2494.09       3.8100354
      2495.64       3.0230255
      2497.19       3.8453735
      2498.74       4.0187170
      2500.29       4.2745264
      2501.84       4.7984298
      2503.39       5.0967808
      2504.94       4.2122894
      2506.49       2.1637045
      2508.04       2.5591604
      2509.58       3.1540262
      2511.13       5.7083948
      2512.68       5.5948224
      2514.23       5.5286732
      2515.78       4.6631032
      2517.33       4.6740545
      2518.88       4.7491102
      2520.43       4.9365946
      2521.98       4.9830792
      2523.53       6.3308848
      2525.08       4.1492528
      2526.63       2.9668222
      2528.17       2.7141248
      2529.72       3.2097611
      2531.27       4.7583264
      2532.82       4.0765145
      2534.37       4.5439539
      2535.92       3.7783513
      2537.47       4.2776927
      2539.02       3.6266833
      2540.57       3.3020363
      2542.12       2.9334327
      2543.67       3.5127546
      2545.22       4.4139537
      2546.77       3.9473494
      2548.32       4.7463883
      2549.86       3.3770446
      2551.41       3.7963979
      2552.96       2.8640997
      2554.51       3.5423483
      2556.06       3.8575660
      2557.61       3.8355772
      2559.16       4.0256378
      2560.71       2.9101170
      2562.26       3.2393102
      2563.81       3.4662671
      2565.36       5.0088732
      2566.91       4.4164657
      2568.46       2.3462269
      2570.01       2.2117450
      2571.56       2.7811974
      2573.11       3.7218613
      2574.66       3.5937770
      2576.21       3.1104780
      2577.76       4.3841923
      2579.30       4.4468207
      2580.85       5.7318528
      2582.40       4.7942850
      2583.95       3.5788445
      2585.50       4.0011027
      2587.05       4.4566766
      2588.60       5.8387998
      2590.15       5.0651193
      2591.70       4.0489990
      2593.25       4.5638305
      2594.80       3.6455909
      2596.35       5.0874885
      2597.90       5.6168079
      2599.45       7.5336153
      2601.00       5.5780832
      2602.55       4.5455370
      2604.10       3.8959425
      2605.65       4.3109038
      2607.20       5.3180652
      2608.75       5.0806222
      2610.30       4.3236651
      2611.85       3.3952592
      2613.40       3.0770631
      2614.95       3.4955996
      2616.50       3.5490039
      2618.05       3.9381739
      2619.60       2.9948617
      2621.15       1.7326689
      2622.70       2.0543977
      2624.25       2.9542970
      2625.80       4.2686654
      2627.35       3.0282130
      2628.90       3.8884141
      2630.44       3.4820097
      2631.99       4.4139541
      2633.54       3.4881282
      2635.09       4.1246939
      2636.64       3.7367643
      2638.19       3.8045485
      2639.74       3.6643557
      2641.29       4.1238128
      2642.84       4.3471955
      2644.39       4.7151288
      2645.94       4.0902692
      2647.49       3.3450533
      2649.04       2.7552933
      2650.59       2.0430936
      2652.14       2.4961565
      2653.69       4.1828509
      2655.24       6.3943234
      2656.79       5.8904787
      2658.34       4.2396333
      2659.89       3.4323654
      2661.44       3.6609274
      2662.99       3.5021915
      2664.54       4.1852405
      2666.09       3.1455010
      2667.64       3.4312452
      2669.19       3.3914278
      2670.74       4.7293910
      2672.29       3.7227896
      2673.84       3.3702874
      2675.39       2.3930437
      2676.94       2.9519203
      2678.49       2.7895152
      2680.04       3.4893708
      2681.59       2.9032392
      2683.15       2.7253737
      2684.70       2.3374975
      2686.25       3.1472599
      2687.80       3.7416357
      2689.35       4.6644225
      2690.90       3.4945707
      2692.45       3.7366068
      2694.00       3.5818391
      2695.55       4.5436956
      2697.10       3.5558352
      2698.65       2.5760880
      2700.20       2.5242747
      2701.75       2.6661229
      2703.30       2.9848636
      2704.85       2.1937158
      2706.40       1.8956987
      2707.95       2.0993097
      2709.50       2.3645161
      2711.05       2.5906209
      2712.60       3.7355056
      2714.15       3.9896069
      2715.70       4.5532000
      2717.25       3.9117605
      2718.80       3.1228616
      2720.35       3.7680759
      2721.90       3.0048560
      2723.45       3.7877831
      2725.00       2.5183958
      2726.55       3.0864556
      2728.10       2.7645463
      2729.65       3.7525435
      2731.20       2.4438186
      2732.75       3.2121273
      2734.31       2.5788902
      2735.86       2.4647044
      2737.41       2.8792071
      2738.96       2.8727651
      2740.51       3.1288653
      2742.06       2.4632242
      2743.61       2.2350807
      2745.16       2.0224144
      2746.71       1.2597625
      2748.26       1.6858364
      2749.81       2.3381899
      2751.36       2.8176207
      2752.91       1.5924588
      2754.46       1.9940013
      2756.01       2.5335090
      2757.56       4.8217779
      2759.11       5.0879439
      2760.66       4.7121069
      2762.22       3.7416694
      2763.77       2.5423956
      2765.32       2.6452086
      2766.87       2.2201045
      2768.42       3.5092900
      2769.97       3.8098243
      2771.52       6.1221696
      2773.07       5.2410502
      2774.62       4.7722828
      2776.17       4.0577941
      2777.72       2.5193591
      2779.27       3.4573099
      2780.82       3.1662998
      2782.37       3.6638467
      2783.92       3.2083741
      2785.48       3.0230055
      2787.03       3.9213926
      2788.58       4.1750942
      2790.13       4.1601806
      2791.68       3.7675675
      2793.23       2.8165308
      2794.78       3.2566172
      2796.33       3.4427364
      2797.88       4.7172580
      2799.43       3.8126877
      2800.98       5.1106041
      2802.53       5.0744751
      2804.09       7.2142741
      2805.64       6.4743256
      2807.19       5.2014580
      2808.74       3.5660045
      2810.29       3.1181403
      2811.84       3.0610461
      2813.39       2.6616048
      2814.94       2.2370063
      2816.49       1.8490564
      2818.04       1.8024869
      2819.59       1.6389349
      2821.15       2.3494628
      2822.70       2.1552379
      2824.25       1.2978873
      2825.80       1.2642229
      2827.35       1.6362361
      2828.90       2.3036350
      2830.45       1.9051433
      2832.00       1.9801827
      2833.55       1.9695969
      2835.10       2.5741548
      2836.66       2.9809259
      2838.21       3.1036086
      2839.76       2.8628321
      2841.31       2.8727240
      2842.86       3.3054340
      2844.41       2.2004193
      2845.96       2.2648644
      2847.51       2.4375098
      2849.06       3.6565621
      2850.62       3.2341092
      2852.17       4.5752748
      2853.72       4.1361785
      2855.27       6.4701561
      2856.82       3.6949598
      2858.37       3.8392891
      2859.92       3.3778855
      2861.47       4.0699415
      2863.03       3.5165048
      2864.58       3.0531419
      2866.13       2.3507368
      2867.68       2.6476373
      2869.23       2.5932139
      2870.78       3.3657214
      2872.33       2.1202960
      2873.88       1.9522256
      2875.44       2.1368007
      2876.99       3.2751814
      2878.54       4.1034211
      2880.09       3.8480977
      2881.64       4.6906090
      2883.19       3.3852719
      2884.74       3.2926773
      2886.29       2.3085585
      2887.85       1.3950990
      2889.40      0.87045165
      2890.95      0.83686855
      2892.50       2.0859823
      2894.05       3.3273316
      2895.60       2.5008547
      2897.15       2.0501690
      2898.71       1.4838890
      2900.26       2.4206345
      2901.81       2.9021202
      2903.36       3.5269853
      2904.91       4.1588511
      2906.46       3.5808715
      2908.01       2.9221569
      2909.57       2.2313485
      2911.12       1.4790198
      2912.67       1.6534530
      2914.22       2.8137747
      2915.77       2.8198748
      2917.32       2.8967408
      2918.88      0.75393581
      2920.43       1.6509888
      2921.98       1.5152761
      2923.53       2.6498043
      2925.08       3.0037717
      2926.63       4.1590270
      2928.18       4.5235084
      2929.74       2.7586314
      2931.29      0.97642351
      2932.84      0.89985882
      2934.39       1.3407067
      2935.94       2.4473070
      2937.49       3.3752276
      2939.05       4.5689226
      2940.60       3.4404823
      2942.15       1.9355316
      2943.70       1.6147428
      2945.25       1.5162520
      2946.80       1.6103997
      2948.36       1.9367309
      2949.91       1.7227576
      2951.46       2.9965683
      2953.01       3.7743405
      2954.56       6.3767060
      2956.11       5.2923640
      2957.67       2.8327298
      2959.22       1.3791842
      2960.77       1.4893196
      2962.32      0.88026369
      2963.87       1.8762833
      2965.43       1.6722311
      2966.98       1.7983147
      2968.53       2.8427944
      2970.08       4.4484442
      2971.63       8.8250721
      2973.18       13.007251
      2974.74       9.0119097
      2976.29       5.7830056
      2977.84       3.4471432
      2979.39       1.5200357
      2980.94       1.7208777
      2982.50       1.0192512
      2984.05       3.1231606
      2985.60       3.2395401
      2987.15       4.0460904
      2988.70       2.6364149
      2990.26       3.0552004
      2991.81       2.8581702
      2993.36       3.9187381
      2994.91       3.8228031
      2996.46       3.6737970
      2998.02       3.6221577
      2999.57       3.4659037
      3001.12       5.9758739
      3002.67       5.8229656
      3004.22       6.1450488
      3005.78       3.5566776
      3007.33       2.8367090
      3008.88       1.6224171
      3010.43       2.0417141
      3011.98       1.4940957
      3013.54       3.2948208
      3015.09       3.1185967
      3016.64       2.5013739
      3018.19       2.5516155
      3019.75       3.8238445
      3021.30       7.2523904
      3022.85       4.5846834
      3024.40       3.0034694
      3025.95       2.8186332
      3027.51       2.6364550
      3029.06       3.3896471
      3030.61       5.1382087
      3032.16       7.9909455
      3033.71       4.5016640
      3035.27       2.3204377
      3036.82       1.6971703
      3038.37       1.3983623
      3039.92     -0.10479684
      3041.48     -0.23522427
      3043.03     -0.60473139
      3044.58       1.5218418
      3046.13      0.56775706
      3047.69       3.5869626
      3049.24       1.6230556
      3050.79       1.2955370
      3052.34      0.51750790
      3053.89       1.0456947
      3055.45       3.3365669
      3057.00       2.4810158
      3058.55       2.7656897
      3060.10       3.7368879
      3061.66       6.2645335
      3063.21       6.1195239
      3064.76       9.0816172
      3066.31       3.7667718
      3067.87       3.9144887
      3069.42       2.2704277
      3070.97       3.1350823
      3072.52       3.5436186
      3074.08       1.5846811
      3075.63      0.32191805
      3077.18      0.76769980
      3078.73      0.47330657
      3080.29       1.9527646
      3081.84       1.8092979
      3083.39       3.8938592
      3084.94       4.3161508
      3086.50       3.9110239
      3088.05       2.6996487
      3089.60       2.9628162
      3091.15       2.9622675
      3092.71       2.7987266
      3094.26      0.75759094
      3095.81      0.94347536
      3097.36       1.3795415
      3098.92       3.7896985
      3100.47       1.6332341
      3102.02       4.7724245
      3103.57       4.5141511
      3105.13       8.4482644
      3106.68       4.6251459
      3108.23       4.6302964
      3109.79      0.89379011
      3111.34    -0.082541548
      3112.89     -0.88712365
      3114.44       1.5464341
      3116.00     -0.35986300
      3117.55     -0.29995112
      3119.10     -0.96936480
      3120.65      -1.2988795
      3122.21     -0.92979175
      3123.76      -1.1375731
      3125.31      0.24649175
      3126.87      0.82062229
      3128.42       1.8485328
      3129.97       1.6766662
      3131.52       3.1035116
      3133.08       4.2864839
      3134.63            -NaN
      3136.18            -NaN
      3137.73            -NaN
      3139.29       13.988773
      3140.84       3.3308927
      3142.39      0.78150209
      3143.95     -0.70601369
      3145.50     -0.46642957
      3147.05       1.1324195
